1:ItNr	2:Metric	2:Metric0	3a:Time	3b:StepSize	4:||Gradient0||	4:||Gradient||	Time0[ms]	Time[ms]
0	-0.297535	-0.297535	0.000000	3898.366347	0.003314	0.003314	12.5	1735.4
1	-0.308083	-0.308083	0.000000	3898.366347	0.003509	0.003509	14.8	16.6
2	-0.289168	-0.289168	1.000000	3721.167927	0.003330	0.003330	14.1	15.8
3	-0.318090	-0.318090	0.079364	3883.688973	0.003218	0.003218	11.8	13.0
4	-0.324161	-0.324161	1.079364	3707.792195	0.004000	0.004000	12.6	13.8
5	-0.303466	-0.303466	0.158572	3869.150179	0.003013	0.003013	12.3	13.5
6	-0.317629	-0.317629	0.000000	3898.366347	0.003334	0.003334	12.5	13.5
7	-0.314705	-0.314705	1.000000	3721.167876	0.003251	0.003251	13.4	14.6
8	-0.319771	-0.319771	0.079774	3883.613370	0.002934	0.002934	11.9	13.4
9	-0.316008	-0.316008	0.000000	3898.366347	0.003321	0.003321	14.6	15.9
10	-0.309139	-0.309139	1.000000	3721.167876	0.003168	0.003168	12.5	13.6
11	-0.331414	-0.331414	1.932394	3569.871172	0.003634	0.003634	13.2	14.2
12	-0.318648	-0.318648	2.932394	3420.706429	0.003282	0.003282	12.8	13.9
13	-0.314757	-0.314757	2.011591	3557.585036	0.003101	0.003101	12.4	13.6
14	-0.310601	-0.310601	3.011591	3409.423884	0.003195	0.003195	11.9	13.0
15	-0.335826	-0.335826	3.314412	3366.961657	0.003005	0.003005	13.0	14.6
16	-0.311872	-0.311872	2.393610	3499.489549	0.003312	0.003312	13.0	14.3
17	-0.296340	-0.296340	3.305979	3368.129823	0.003645	0.003645	12.7	14.1
18	-0.315533	-0.315533	4.305978	3235.033732	0.003227	0.003227	11.9	12.8
19	-0.337605	-0.337605	3.410073	3353.766775	0.003406	0.003406	12.0	13.0
20	-0.346871	-0.346871	4.410073	3221.781058	0.003130	0.003130	12.5	13.8
21	-0.317530	-0.317530	5.076197	3139.479740	0.003024	0.003024	12.9	14.0
22	-0.321630	-0.321630	5.201145	3124.508274	0.003501	0.003501	12.7	13.8
23	-0.335429	-0.335429	4.280345	3238.313907	0.003058	0.003058	12.9	14.2
24	-0.323473	-0.323473	5.274445	3115.791530	0.004023	0.004023	13.3	14.7
25	-0.311713	-0.311713	6.274436	3001.553985	0.003652	0.003652	12.9	14.0
26	-0.296096	-0.296096	5.353634	3106.429009	0.003762	0.003762	12.4	13.6
27	-0.335002	-0.335002	4.432832	3218.898089	0.002996	0.002996	13.2	14.7
28	-0.287760	-0.287760	5.432832	3097.121575	0.003492	0.003492	13.2	14.4
29	-0.313406	-0.313406	4.528539	3206.830352	0.003391	0.003391	12.6	13.5
30	-0.305719	-0.305719	5.528539	3085.948069	0.003118	0.003118	13.3	14.3
31	-0.314815	-0.314815	4.611835	3196.400971	0.003580	0.003580	13.5	14.6
32	-0.317856	-0.317856	3.691032	3315.604313	0.003128	0.003128	13.4	14.5
33	-0.330782	-0.330782	4.684935	3187.303881	0.003743	0.003743	16.4	17.4
34	-0.328144	-0.328144	5.414294	3099.295112	0.003820	0.003820	15.7	17.0
35	-0.324448	-0.324448	4.494265	3211.141492	0.003427	0.003427	13.8	14.8
36	-0.302240	-0.302240	3.573467	3331.466926	0.003221	0.003221	14.0	15.0
37	-0.294077	-0.294077	4.573467	3201.196482	0.003171	0.003171	12.7	14.1
38	-0.342898	-0.342898	3.653365	3320.670177	0.003272	0.003272	14.1	15.1
39	-0.325400	-0.325400	4.653364	3191.226413	0.003526	0.003526	12.5	13.6
40	-0.343101	-0.343101	5.653362	3071.495973	0.003165	0.003165	11.7	12.9
41	-0.330897	-0.330897	6.653354	2960.425450	0.003174	0.003174	12.7	13.7
42	-0.314957	-0.314957	7.648280	2857.612854	0.004215	0.004215	15.4	16.6
43	-0.320264	-0.320264	8.646561	2761.389186	0.003411	0.003411	13.9	15.5
44	-0.321115	-0.321115	9.646561	2671.284813	0.003201	0.003201	12.5	13.6
45	-0.319960	-0.319960	10.646490	2586.880710	0.002923	0.002923	13.2	14.6
46	-0.318542	-0.318542	11.646277	2507.657899	0.003450	0.003450	13.5	14.9
47	-0.323126	-0.323126	10.725474	2580.440336	0.003269	0.003269	12.7	14.0
48	-0.324248	-0.324248	9.808723	2657.224531	0.003325	0.003325	12.4	13.6
49	-0.352234	-0.352234	8.887924	2739.089336	0.003997	0.003997	13.1	14.0
50	-0.317036	-0.317036	9.887802	2650.421428	0.003235	0.003235	12.3	13.5
51	-0.324345	-0.324345	10.887802	2567.304343	0.003382	0.003382	12.8	14.3
52	-0.333884	-0.333884	11.835480	2493.208383	0.004173	0.004173	13.3	14.6
53	-0.321057	-0.321057	10.914677	2565.142439	0.003272	0.003272	13.2	14.2
54	-0.329379	-0.329379	11.914669	2487.209981	0.003852	0.003852	12.6	13.5
55	-0.337615	-0.337615	12.908609	2414.304074	0.003689	0.003689	12.3	13.2
56	-0.332632	-0.332632	11.987830	2481.693809	0.003160	0.003160	13.9	15.0
57	-0.326553	-0.326553	12.987830	2408.676679	0.003230	0.003230	12.4	13.8
58	-0.326544	-0.326544	13.845236	2349.408475	0.003198	0.003198	12.5	14.2
59	-0.331862	-0.331862	12.924860	2413.147546	0.003543	0.003543	13.4	14.3
60	-0.329137	-0.329137	12.004058	2480.473569	0.003097	0.003097	13.7	14.7
61	-0.341941	-0.341941	13.004056	2407.527272	0.003708	0.003708	13.9	15.2
62	-0.323466	-0.323466	14.003811	2338.765176	0.003293	0.003293	12.6	13.5
63	-0.360608	-0.360608	15.003811	2273.806353	0.003126	0.003126	12.8	13.7
64	-0.339581	-0.339581	14.105348	2332.000650	0.003583	0.003583	12.0	12.9
65	-0.326628	-0.326628	15.105347	2267.411865	0.004204	0.004204	13.3	14.4
66	-0.350099	-0.350099	15.840660	2222.156009	0.003842	0.003842	13.1	14.1
67	-0.341659	-0.341659	16.840609	2163.434902	0.003278	0.003278	12.4	13.5
68	-0.299235	-0.299235	15.919806	2217.392281	0.003475	0.003475	12.8	14.1
69	-0.327103	-0.327103	14.999004	2274.109925	0.003399	0.003399	12.3	13.5
70	-0.350290	-0.350290	15.999004	2212.645841	0.003775	0.003775	11.7	12.9
71	-0.330652	-0.330652	15.903662	2218.362331	0.003501	0.003501	14.2	15.3
72	-0.321856	-0.321856	14.982859	2275.130284	0.003131	0.003131	15.5	17.0
73	-0.360654	-0.360654	14.671937	2294.960690	0.003343	0.003343	15.3	16.8
74	-0.317728	-0.317728	15.671026	2232.435283	0.003425	0.003425	13.6	14.8
75	-0.336093	-0.336093	14.750224	2289.935110	0.003170	0.003170	12.6	13.8
76	-0.374273	-0.374273	15.750224	2227.624330	0.003478	0.003478	12.0	13.3
77	-0.342646	-0.342646	16.750185	2168.616998	0.003677	0.003677	12.9	14.0
78	-0.353393	-0.353393	17.425393	2130.510247	0.003379	0.003379	12.7	13.7
79	-0.340851	-0.340851	16.504591	2182.817947	0.004018	0.004018	12.5	13.8
80	-0.356561	-0.356561	17.504591	2126.128137	0.003186	0.003186	12.5	13.8
81	-0.334234	-0.334234	18.504395	2072.318641	0.003729	0.003729	11.3	12.5
82	-0.339367	-0.339367	19.504395	2021.155831	0.003788	0.003788	11.8	13.1
83	-0.343968	-0.343968	20.504395	1972.458437	0.003426	0.003426	12.1	13.5
84	-0.328320	-0.328320	19.584035	2017.189620	0.003560	0.003560	11.8	12.8
85	-0.330064	-0.330064	20.584035	1968.680868	0.004058	0.004058	12.9	13.8
86	-0.332314	-0.332314	21.584035	1922.450376	0.003119	0.003119	14.3	15.7
87	-0.336477	-0.336477	20.663232	1964.938603	0.003636	0.003636	13.3	14.5
88	-0.327795	-0.327795	21.660235	1919.016466	0.003509	0.003509	12.4	13.4
89	-0.330359	-0.330359	20.739433	1961.351371	0.003289	0.003289	14.2	15.1
90	-0.337791	-0.337791	21.739430	1915.460589	0.003721	0.003721	13.6	14.6
91	-0.337641	-0.337641	20.880420	1954.748639	0.003382	0.003382	11.9	12.9
92	-0.352830	-0.352830	21.880419	1909.162611	0.003438	0.003438	13.0	14.3
93	-0.339590	-0.339590	22.880419	1865.654307	0.003463	0.003463	12.3	13.3
94	-0.334134	-0.334134	21.968717	1905.239400	0.003361	0.003361	12.4	13.3
95	-0.345877	-0.345877	21.047915	1946.962014	0.003356	0.003356	12.9	14.3
96	-0.349602	-0.349602	20.127113	1990.552894	0.003417	0.003417	13.3	14.5
97	-0.358624	-0.358624	19.207863	2036.061763	0.003818	0.003818	12.2	13.5
98	-0.338708	-0.338708	20.207863	1986.652221	0.003872	0.003872	12.5	13.4
99	-0.319462	-0.319462	19.287062	2032.059174	0.003155	0.003155	11.9	12.8
100	-0.341155	-0.341155	20.287062	1982.841354	0.003734	0.003734	13.2	14.6
101	-0.331909	-0.331909	21.287002	1935.954047	0.003492	0.003492	13.3	14.6
102	-0.354853	-0.354853	20.366200	1979.047951	0.003636	0.003636	14.3	15.8
103	-0.366472	-0.366472	19.445405	2024.103670	0.003138	0.003138	12.7	13.8
104	-0.342214	-0.342214	18.524612	2071.258629	0.003462	0.003462	14.5	16.2
105	-0.357169	-0.357169	19.524612	2020.147509	0.003643	0.003643	12.4	14.0
106	-0.336297	-0.336297	20.524612	1971.498108	0.003240	0.003240	13.1	14.1
107	-0.328434	-0.328434	21.524612	1925.136769	0.003352	0.003352	13.2	14.4
108	-0.367767	-0.367767	22.524120	1880.926998	0.003693	0.003693	13.4	14.5
109	-0.325269	-0.325269	23.524118	1838.681992	0.003665	0.003665	13.1	14.5
110	-0.348090	-0.348090	24.524118	1798.292807	0.003598	0.003598	12.5	13.6
111	-0.358917	-0.358917	23.603315	1835.417229	0.003405	0.003405	14.8	16.4
112	-0.342745	-0.342745	23.019325	1859.767118	0.003313	0.003313	11.6	12.9
113	-0.348324	-0.348324	22.105035	1899.214188	0.003553	0.003553	13.3	14.4
114	-0.339732	-0.339732	21.209719	1939.498670	0.003289	0.003289	12.8	13.8
115	-0.348376	-0.348376	20.970720	1950.542984	0.003644	0.003644	12.3	13.8
116	-0.340785	-0.340785	20.049918	1994.296164	0.003548	0.003548	12.3	13.6
117	-0.347950	-0.347950	21.049918	1946.869289	0.003525	0.003525	12.2	13.4
118	-0.339924	-0.339924	22.048475	1901.709477	0.003258	0.003258	10.9	11.9
119	-0.321883	-0.321883	23.048222	1858.547068	0.003277	0.003277	11.3	12.4
120	-0.353009	-0.353009	22.127419	1898.228425	0.003923	0.003923	14.7	15.7
121	-0.325968	-0.325968	23.127419	1855.211442	0.003239	0.003239	13.5	14.8
122	-0.364314	-0.364314	22.207135	1894.726276	0.003536	0.003536	12.6	14.0
123	-0.354351	-0.354351	21.286336	1935.984556	0.003434	0.003434	11.3	12.9
124	-0.331247	-0.331247	20.365534	1979.079834	0.003404	0.003404	11.7	13.1
125	-0.331336	-0.331336	19.485805	2022.083847	0.003066	0.003066	12.2	13.1
126	-0.354501	-0.354501	20.485805	1973.342263	0.003393	0.003393	12.2	13.3
127	-0.318801	-0.318801	21.478786	1927.213577	0.003700	0.003700	12.8	14.1
128	-0.347407	-0.347407	22.065981	1900.936457	0.003391	0.003391	12.2	13.3
129	-0.351935	-0.351935	21.145179	1942.468761	0.003820	0.003820	11.2	12.5
130	-0.357527	-0.357527	20.264409	1983.929884	0.003555	0.003555	12.5	13.5
131	-0.332262	-0.332262	19.343614	2029.210718	0.003460	0.003460	12.5	13.7
132	-0.351655	-0.351655	20.343614	1980.129118	0.003937	0.003937	12.5	13.7
133	-0.352884	-0.352884	21.343614	1933.365771	0.003457	0.003457	14.5	15.8
134	-0.340456	-0.340456	22.343600	1888.760801	0.003446	0.003446	11.5	12.7
135	-0.362234	-0.362234	21.422798	1929.757046	0.003883	0.003883	12.1	13.5
136	-0.350637	-0.350637	21.737360	1915.553343	0.003539	0.003539	13.4	14.4
137	-0.346933	-0.346933	22.737357	1871.756773	0.003335	0.003335	13.2	14.3
138	-0.349599	-0.349599	23.737355	1829.918030	0.003724	0.003724	13.0	14.2
139	-0.351734	-0.351734	22.855381	1866.719443	0.003189	0.003189	12.3	13.7
140	-0.353840	-0.353840	23.855381	1825.103044	0.003371	0.003371	12.2	13.1
141	-0.347837	-0.347837	22.934580	1863.354414	0.003806	0.003806	11.6	13.1
142	-0.355323	-0.355323	23.933846	1821.916027	0.003740	0.003740	13.9	14.9
143	-0.320667	-0.320667	24.933846	1782.252114	0.003219	0.003219	14.5	16.2
144	-0.358740	-0.358740	25.933765	1744.281412	0.003062	0.003062	13.5	15.0
145	-0.338247	-0.338247	26.096205	1738.265175	0.003368	0.003368	12.3	13.3
146	-0.363819	-0.363819	25.179239	1772.781328	0.003371	0.003371	12.4	13.5
147	-0.354183	-0.354183	26.178969	1735.215827	0.003663	0.003663	13.1	14.3
148	-0.339407	-0.339407	25.258170	1769.756403	0.003586	0.003586	11.1	12.5
149	-0.334091	-0.334091	24.337370	1805.700104	0.003298	0.003298	12.5	13.5
150	-0.355920	-0.355920	25.337226	1766.737029	0.003150	0.003150	12.8	14.4
151	-0.356937	-0.356937	24.417205	1802.526028	0.003362	0.003362	12.3	13.5
152	-0.348437	-0.348437	23.496402	1839.827251	0.003479	0.003479	12.1	13.0
153	-0.337025	-0.337025	22.631326	1876.305425	0.003621	0.003621	11.9	12.9
154	-0.359228	-0.359228	23.631326	1834.265324	0.003336	0.003336	12.3	13.3
155	-0.357178	-0.357178	22.710523	1872.905810	0.003549	0.003549	12.1	13.5
156	-0.363563	-0.363563	21.791438	1913.132576	0.003308	0.003308	12.8	14.1
157	-0.370448	-0.370448	22.791438	1869.445211	0.003964	0.003964	12.7	14.1
158	-0.341782	-0.341782	23.791431	1827.708824	0.003750	0.003750	12.1	13.1
159	-0.344364	-0.344364	24.791431	1787.795050	0.003369	0.003369	14.2	15.4
160	-0.361107	-0.361107	25.791431	1749.587315	0.003755	0.003755	14.7	15.7
161	-0.336604	-0.336604	24.871076	1784.690932	0.003400	0.003400	14.2	15.5
162	-0.353776	-0.353776	23.950274	1821.250167	0.003468	0.003468	13.7	15.2
163	-0.350541	-0.350541	23.029471	1859.338552	0.003378	0.003378	13.8	15.1
164	-0.353365	-0.353365	24.029451	1818.047770	0.003282	0.003282	13.9	14.9
165	-0.372336	-0.372336	23.164764	1853.642734	0.003454	0.003454	13.4	14.6
166	-0.360039	-0.360039	22.243961	1893.112721	0.003283	0.003283	14.8	15.8
167	-0.346712	-0.346712	22.959601	1862.293819	0.003578	0.003578	13.4	14.7
168	-0.357687	-0.357687	23.959583	1820.873053	0.003492	0.003492	15.9	17.3
169	-0.356027	-0.356027	24.959045	1781.274905	0.003232	0.003232	13.2	14.4
170	-0.346030	-0.346030	25.785101	1749.824023	0.003362	0.003362	12.6	14.0
171	-0.364514	-0.364514	26.784871	1713.213648	0.003676	0.003676	12.3	13.8
172	-0.371810	-0.371810	27.784871	1678.095928	0.003197	0.003197	12.7	14.3
173	-0.349255	-0.349255	26.864069	1710.378905	0.004020	0.004020	12.2	13.7
174	-0.373829	-0.373829	25.943266	1743.928358	0.003513	0.003513	14.4	16.0
175	-0.360392	-0.360392	26.907769	1708.818719	0.003208	0.003208	12.1	13.2
176	-0.381768	-0.381768	27.863055	1675.410865	0.003505	0.003505	12.7	13.6
177	-0.358962	-0.358962	28.859958	1641.912613	0.003473	0.003473	12.7	14.1
178	-0.356533	-0.356533	27.939155	1672.805606	0.003579	0.003579	11.9	13.1
179	-0.357749	-0.357749	28.938489	1639.330599	0.003383	0.003383	12.8	14.2
180	-0.368543	-0.368543	29.914387	1607.908839	0.003657	0.003657	12.9	14.3
181	-0.360294	-0.360294	30.914387	1576.936522	0.003217	0.003217	13.0	13.9
182	-0.382285	-0.382285	30.279138	1596.471713	0.004673	0.004673	13.0	14.5
183	-0.359337	-0.359337	31.279137	1565.934279	0.003672	0.003672	12.3	14.9
184	-0.327699	-0.327699	32.279136	1536.543172	0.003311	0.003311	11.1	12.8
185	-0.329480	-0.329480	33.276610	1508.305213	0.003677	0.003677	12.0	13.1
186	-0.364193	-0.364193	34.276610	1481.018713	0.003286	0.003286	12.0	13.3
187	-0.392708	-0.392708	33.358403	1506.035670	0.003687	0.003687	13.7	14.6
188	-0.351611	-0.351611	32.437662	1531.984929	0.003437	0.003437	11.1	12.5
189	-0.355892	-0.355892	33.437196	1503.855813	0.003559	0.003559	12.6	14.5
190	-0.334487	-0.334487	32.517298	1529.705292	0.003497	0.003497	11.6	12.6
191	-0.386134	-0.386134	31.596495	1556.485706	0.003571	0.003571	13.4	14.4
192	-0.353487	-0.353487	30.697077	1583.565236	0.003062	0.003062	13.0	14.0
193	-0.381673	-0.381673	31.697077	1553.514893	0.003485	0.003485	13.6	14.5
194	-0.371422	-0.371422	31.165106	1569.357360	0.003344	0.003344	11.9	13.1
195	-0.359519	-0.359519	32.165105	1539.838834	0.003309	0.003309	12.2	13.9
196	-0.343051	-0.343051	31.244303	1566.978391	0.003875	0.003875	12.4	13.6
197	-0.364444	-0.364444	32.244302	1537.548422	0.003550	0.003550	12.9	13.7
198	-0.337803	-0.337803	31.323500	1564.606593	0.003430	0.003430	11.7	12.7
199	-0.358590	-0.358590	32.323500	1535.264810	0.003450	0.003450	13.3	14.3
