1:ItNr	2:Metric	3a:Time	3b:StepSize	4:||Gradient||	Time[ms]
0	-0.332747	0.000000	0.488339	0.047227	78.2
1	-0.207357	0.009826	0.488110	0.022745	2.5
2	-0.223289	0.019652	0.487882	0.028771	2.9
3	-0.219428	0.029478	0.487654	0.025000	2.6
4	-0.133523	0.039305	0.487426	0.016038	2.4
5	-0.222745	0.049131	0.487199	0.020718	2.2
6	-0.231980	0.058957	0.486972	0.008319	2.3
7	-0.179021	0.068783	0.486744	0.029334	3.1
8	-0.197959	0.078609	0.486518	0.016567	2.6
9	-0.244090	0.088435	0.486291	0.026610	2.3
10	-0.156584	0.098261	0.486064	0.018048	2.4
11	-0.138500	0.108088	0.485838	0.019458	2.3
12	-0.260690	0.117914	0.485612	0.023571	2.4
13	-0.235908	0.127740	0.485386	0.031943	2.4
14	-0.111039	0.137566	0.485161	0.015319	2.6
15	-0.186551	0.147392	0.484935	0.019696	2.4
16	-0.243174	0.157218	0.484710	0.029341	2.5
17	-0.258178	0.167044	0.484485	0.019271	2.2
18	-0.248564	0.176870	0.484260	0.013178	2.2
19	-0.148714	0.186697	0.484036	0.009992	2.4
20	-0.181115	0.196523	0.483811	0.037433	2.2
21	-0.122899	0.206349	0.483587	0.014440	2.3
22	-0.166497	0.216175	0.483363	0.013553	2.8
23	-0.202473	0.226001	0.483139	0.045520	2.6
24	-0.203556	0.235827	0.482916	0.018839	2.7
25	-0.133439	0.245653	0.482692	0.031593	2.2
26	-0.205512	0.255480	0.482469	0.024692	2.5
27	-0.128788	0.265306	0.482246	0.017093	2.3
28	-0.234158	0.275132	0.482024	0.040542	2.3
29	-0.135275	0.284958	0.481801	0.031162	2.7
30	-0.081442	0.294784	0.481579	0.024106	2.5
31	-0.247532	0.304610	0.481357	0.033579	2.4
32	-0.195805	0.314436	0.481135	0.020118	2.4
33	-0.353013	0.324263	0.480913	0.028400	2.2
34	-0.217482	0.334089	0.480691	0.017844	2.7
35	-0.232555	0.343915	0.480470	0.030067	2.3
36	-0.233110	0.353741	0.480249	0.040987	2.4
37	-0.146967	0.363567	0.480028	0.023408	2.2
38	-0.255392	0.373393	0.479807	0.060382	2.3
39	-0.271763	0.383219	0.479587	0.034905	2.9
40	-0.292368	0.393045	0.479367	0.032461	2.8
41	-0.139511	0.402872	0.479147	0.021148	2.6
42	-0.280996	0.412698	0.478927	0.034178	2.3
43	-0.171649	0.422524	0.478707	0.022860	2.6
44	-0.259069	0.432350	0.478488	0.072697	2.6
45	-0.260658	0.442176	0.478268	0.036158	2.5
46	-0.201871	0.452002	0.478049	0.024132	3.2
47	-0.137807	0.461828	0.477830	0.024881	2.4
48	-0.146318	0.471655	0.477612	0.048720	3.1
49	-0.259806	0.481481	0.477393	0.012373	2.6
50	-0.327365	0.491307	0.477175	0.052240	2.4
51	-0.220282	0.501133	0.476957	0.033630	2.3
52	-0.134725	0.510959	0.476739	0.015338	2.3
53	-0.250124	0.520785	0.476521	0.035183	2.8
54	-0.152803	0.530611	0.476304	0.021668	2.2
55	-0.260926	0.540438	0.476087	0.015006	2.4
56	-0.124566	0.550264	0.475870	0.037442	2.3
57	-0.100727	0.560090	0.475653	0.016409	2.3
58	-0.129755	0.569916	0.475436	0.030603	2.4
59	-0.272087	0.579742	0.475219	0.029981	2.2
60	-0.166230	0.589568	0.475003	0.023940	2.5
61	-0.131057	0.599394	0.474787	0.026313	2.3
62	-0.290479	0.609220	0.474571	0.039571	2.3
63	-0.172277	0.619047	0.474356	0.021256	2.9
64	-0.210064	0.628873	0.474140	0.029089	2.5
65	-0.176650	0.638699	0.473925	0.019285	2.6
66	-0.122516	0.648525	0.473710	0.011335	2.3
67	-0.261264	0.658351	0.473495	0.019885	2.4
68	-0.237368	0.668177	0.473280	0.023777	2.6
69	-0.145565	0.678003	0.473065	0.017167	2.4
70	-0.209257	0.687830	0.472851	0.033067	3.0
71	-0.238504	0.697656	0.472637	0.045332	2.3
72	-0.138812	0.707482	0.472423	0.013382	2.4
73	-0.176387	0.717308	0.472209	0.013641	2.3
74	-0.199386	0.727134	0.471996	0.040129	2.3
75	-0.185048	0.736960	0.471782	0.022410	2.4
76	-0.185999	0.746786	0.471569	0.021734	2.3
77	-0.080600	0.756613	0.471356	0.026511	2.4
78	-0.164984	0.766439	0.471143	0.030665	2.4
79	-0.178847	0.776265	0.470931	0.044115	2.4
80	-0.196256	0.786091	0.470718	0.021133	2.6
81	-0.176219	0.795917	0.470506	0.015018	2.3
82	-0.232378	0.805743	0.470294	0.023410	2.7
83	-0.214352	0.815569	0.470082	0.052410	2.2
84	-0.182234	0.825395	0.469871	0.015589	2.2
85	-0.201863	0.835222	0.469659	0.033573	2.4
86	-0.130321	0.845048	0.469448	0.023698	2.2
87	-0.217538	0.854874	0.469237	0.017081	2.6
88	-0.285669	0.864700	0.469026	0.013507	2.5
89	-0.170670	0.874526	0.468815	0.015499	2.2
90	-0.171033	0.884352	0.468605	0.042391	2.3
91	-0.125259	0.894178	0.468395	0.018229	2.2
92	-0.198101	0.904005	0.468184	0.017774	2.5
93	-0.159743	0.913831	0.467974	0.007406	2.2
94	-0.218705	0.923657	0.467765	0.020869	2.2
95	-0.268682	0.933483	0.467555	0.040051	2.9
96	-0.133964	0.943309	0.467346	0.027222	2.2
97	-0.140278	0.953135	0.467137	0.027740	2.3
98	-0.121677	0.962961	0.466928	0.027311	2.2
99	-0.131841	0.972788	0.466719	0.016971	2.2
100	-0.268889	0.982614	0.466510	0.040745	2.6
101	-0.187983	0.992440	0.466302	0.024631	2.2
102	-0.142463	1.002266	0.466094	0.023290	2.3
103	-0.201307	1.012092	0.465885	0.014574	2.8
104	-0.214085	1.021918	0.465678	0.009496	2.2
105	-0.160551	1.031744	0.465470	0.017822	2.4
106	-0.080292	1.041570	0.465262	0.045928	2.1
107	-0.091796	1.051397	0.465055	0.013585	2.3
108	-0.104576	1.061223	0.464848	0.013741	2.2
109	-0.125647	1.071049	0.464641	0.026017	2.1
110	-0.283817	1.080875	0.464434	0.018062	2.5
111	-0.186440	1.090701	0.464228	0.023689	2.4
112	-0.238766	1.100527	0.464021	0.024052	2.2
113	-0.157454	1.110353	0.463815	0.013744	2.2
114	-0.135687	1.120180	0.463609	0.015277	2.4
115	-0.225141	1.130006	0.463403	0.028464	2.4
116	-0.205462	1.139832	0.463197	0.007145	2.2
117	-0.248929	1.149658	0.462992	0.030796	2.2
118	-0.091520	1.159484	0.462787	0.017139	2.6
119	-0.096506	1.169310	0.462582	0.015532	2.2
120	-0.221853	1.179136	0.462377	0.023432	2.5
121	-0.096523	1.188963	0.462172	0.035107	2.6
122	-0.133798	1.198789	0.461967	0.056910	2.3
123	-0.091758	1.208615	0.461763	0.027576	2.5
124	-0.244808	1.218441	0.461559	0.016038	2.4
125	-0.297987	1.228267	0.461355	0.035448	2.3
126	-0.125561	1.238093	0.461151	0.029509	2.4
127	-0.211440	1.247919	0.460947	0.017143	2.4
128	-0.231024	1.257745	0.460744	0.023986	2.7
129	-0.281901	1.267572	0.460540	0.051137	2.3
130	-0.245664	1.277398	0.460337	0.024112	2.4
131	-0.131139	1.287224	0.460134	0.028653	2.4
132	-0.217275	1.297050	0.459931	0.019102	2.3
133	-0.272888	1.306876	0.459729	0.027675	2.4
134	-0.229796	1.316702	0.459526	0.017602	2.2
135	-0.170209	1.326528	0.459324	0.017298	2.5
136	-0.229339	1.336355	0.459122	0.011982	2.7
137	-0.172239	1.346181	0.458920	0.014913	2.2
138	-0.250643	1.356007	0.458719	0.027029	2.5
139	-0.234503	1.365833	0.458517	0.020005	2.2
140	-0.164655	1.375659	0.458316	0.034185	2.5
141	-0.259388	1.385485	0.458114	0.017169	2.4
142	-0.115261	1.395311	0.457913	0.024048	2.4
143	-0.139413	1.405138	0.457713	0.016963	2.8
144	-0.119125	1.414964	0.457512	0.023099	2.2
145	-0.183510	1.424790	0.457311	0.032887	2.8
146	-0.139758	1.434616	0.457111	0.022635	2.4
147	-0.206783	1.444442	0.456911	0.029932	2.8
148	-0.264665	1.454268	0.456711	0.030856	2.3
149	-0.200065	1.464094	0.456511	0.022375	2.4
150	-0.301130	1.473920	0.456312	0.041771	2.9
151	-0.273068	1.483747	0.456112	0.027037	2.2
152	-0.177919	1.493573	0.455913	0.017396	2.5
153	-0.160500	1.503399	0.455714	0.021777	2.5
154	-0.170735	1.513225	0.455515	0.022137	2.2
155	-0.162237	1.523051	0.455316	0.016096	2.4
156	-0.206348	1.532877	0.455118	0.041715	2.2
157	-0.267285	1.542703	0.454919	0.042984	2.4
158	-0.269611	1.552530	0.454721	0.023655	2.4
159	-0.292224	1.562356	0.454523	0.025372	2.3
160	-0.107885	1.572182	0.454325	0.020809	2.8
161	-0.205010	1.582008	0.454128	0.048390	2.5
162	-0.175428	1.591834	0.453930	0.015706	2.3
163	-0.222026	1.601660	0.453733	0.013439	2.2
164	-0.229940	1.611486	0.453536	0.029119	2.2
165	-0.224756	1.621313	0.453339	0.015595	2.6
166	-0.162511	1.631139	0.453142	0.020522	2.3
167	-0.221451	1.640965	0.452945	0.012514	2.6
168	-0.114403	1.650791	0.452749	0.032338	2.1
169	-0.134583	1.660617	0.452552	0.013847	2.3
170	-0.265978	1.670443	0.452356	0.022960	2.7
171	-0.219281	1.680269	0.452160	0.023756	2.2
172	-0.164554	1.690095	0.451964	0.047616	2.3
173	-0.185472	1.699922	0.451769	0.033289	2.2
174	-0.232098	1.709748	0.451573	0.027153	2.2
175	-0.174712	1.719574	0.451378	0.022784	2.6
176	-0.228949	1.729400	0.451183	0.040667	2.1
177	-0.175839	1.739226	0.450988	0.017438	2.6
178	-0.161647	1.749052	0.450793	0.017255	2.8
179	-0.211159	1.758878	0.450598	0.023926	2.5
180	-0.149095	1.768705	0.450404	0.004989	2.5
181	-0.162162	1.778531	0.450210	0.029358	2.2
182	-0.284138	1.788357	0.450016	0.019430	2.3
183	-0.166094	1.798183	0.449822	0.018830	2.2
184	-0.200033	1.808009	0.449628	0.021810	2.3
185	-0.150838	1.817835	0.449434	0.031739	3.0
186	-0.130168	1.827661	0.449241	0.030361	2.4
187	-0.240298	1.837488	0.449047	0.031181	2.4
188	-0.186168	1.847314	0.448854	0.019681	2.2
189	-0.081265	1.857140	0.448661	0.009737	2.2
190	-0.179738	1.866966	0.448469	0.013005	2.7
191	-0.156500	1.876792	0.448276	0.022502	2.5
192	-0.220464	1.886618	0.448083	0.021633	2.6
193	-0.183643	1.896444	0.447891	0.016693	2.5
194	-0.327650	1.906270	0.447699	0.013575	2.3
195	-0.086150	1.916097	0.447507	0.011761	2.2
196	-0.243404	1.925923	0.447315	0.043915	2.5
197	-0.137043	1.935749	0.447124	0.020437	2.4
198	-0.211354	1.945575	0.446932	0.020308	2.2
199	-0.189643	1.955401	0.446741	0.019671	2.3
200	-0.259869	1.965227	0.446550	0.023529	2.2
201	-0.243984	1.975053	0.446359	0.057375	2.2
202	-0.242109	1.984880	0.446168	0.027013	2.7
203	-0.233225	1.994706	0.445977	0.038656	2.4
204	-0.101171	2.004532	0.445787	0.026756	2.2
205	-0.168822	2.014358	0.445596	0.014033	2.6
206	-0.204075	2.024184	0.445406	0.035827	2.5
207	-0.159460	2.034010	0.445216	0.036426	3.0
208	-0.193954	2.043836	0.445026	0.016177	2.3
209	-0.183585	2.053663	0.444837	0.046536	2.6
210	-0.164576	2.063489	0.444647	0.014935	2.5
211	-0.151924	2.073315	0.444458	0.020894	2.3
212	-0.199047	2.083141	0.444269	0.032304	2.8
213	-0.167255	2.092967	0.444080	0.015794	2.3
214	-0.168254	2.102793	0.443891	0.014833	2.3
215	-0.081152	2.112619	0.443702	0.020867	2.2
216	-0.206647	2.122446	0.443513	0.042377	2.3
217	-0.128213	2.132272	0.443325	0.013798	2.9
218	-0.239927	2.142098	0.443137	0.029013	2.2
219	-0.309433	2.151924	0.442949	0.018949	2.2
220	-0.223639	2.161750	0.442761	0.013663	2.2
221	-0.160043	2.171576	0.442573	0.010591	2.2
222	-0.194194	2.181402	0.442385	0.034855	2.2
223	-0.073825	2.191228	0.442198	0.014122	2.2
224	-0.239249	2.201055	0.442011	0.026355	2.2
225	-0.259454	2.210881	0.441824	0.039584	2.2
226	-0.177558	2.220707	0.441637	0.010982	2.3
227	-0.168225	2.230533	0.441450	0.014645	2.8
228	-0.247949	2.240359	0.441263	0.029684	2.6
229	-0.121955	2.250185	0.441077	0.021574	2.3
230	-0.153154	2.260011	0.440890	0.026971	2.4
231	-0.110775	2.269838	0.440704	0.027177	2.2
232	-0.329974	2.279664	0.440518	0.030660	3.3
233	-0.183411	2.289490	0.440332	0.028143	2.5
234	-0.112687	2.299316	0.440147	0.034460	2.9
235	-0.204266	2.309142	0.439961	0.015162	2.4
236	-0.183190	2.318968	0.439776	0.016020	2.3
237	-0.244195	2.328794	0.439590	0.041056	2.2
238	-0.192153	2.338621	0.439405	0.036818	2.3
239	-0.223256	2.348447	0.439220	0.014870	2.7
240	-0.201490	2.358273	0.439036	0.022966	2.2
241	-0.320883	2.368099	0.438851	0.027541	2.5
242	-0.216842	2.377925	0.438667	0.037864	2.6
243	-0.225631	2.387751	0.438482	0.022229	2.4
244	-0.178397	2.397577	0.438298	0.032230	2.5
245	-0.235607	2.407403	0.438114	0.034200	2.2
246	-0.224317	2.417230	0.437930	0.031314	2.5
247	-0.252657	2.427056	0.437747	0.027844	2.7
248	-0.245895	2.436882	0.437563	0.017642	2.6
249	-0.140275	2.446708	0.437380	0.032341	2.9
250	-0.272266	2.456534	0.437196	0.019180	2.2
251	-0.247922	2.466360	0.437013	0.041415	3.2
252	-0.126701	2.476186	0.436830	0.026448	2.5
253	-0.163041	2.486013	0.436648	0.015206	2.4
254	-0.213204	2.495839	0.436465	0.038994	2.2
255	-0.172777	2.505665	0.436283	0.029502	2.2
256	-0.217311	2.515491	0.436100	0.038512	2.4
257	-0.243775	2.525317	0.435918	0.029346	2.2
258	-0.324173	2.535143	0.435736	0.036570	2.5
259	-0.118788	2.544969	0.435554	0.014968	2.4
260	-0.189163	2.554796	0.435373	0.017760	2.2
261	-0.256347	2.564622	0.435191	0.054104	2.4
262	-0.136555	2.574448	0.435010	0.010238	2.1
263	-0.239063	2.584274	0.434828	0.049206	2.3
264	-0.194713	2.594100	0.434647	0.066156	2.5
265	-0.189969	2.603926	0.434466	0.031154	2.7
266	-0.281295	2.613752	0.434286	0.036002	2.7
267	-0.177716	2.623578	0.434105	0.014056	2.3
268	-0.108587	2.633405	0.433925	0.022278	2.3
269	-0.256507	2.643231	0.433744	0.041979	2.2
270	-0.211440	2.653057	0.433564	0.034147	2.2
271	-0.210956	2.662883	0.433384	0.033684	2.4
272	-0.236473	2.672709	0.433204	0.008523	2.2
273	-0.208974	2.682535	0.433024	0.042890	2.4
274	-0.218225	2.692361	0.432845	0.027956	2.4
275	-0.133892	2.702188	0.432665	0.025966	2.2
276	-0.162833	2.712014	0.432486	0.029767	2.7
277	-0.146572	2.721840	0.432307	0.025013	2.2
278	-0.083814	2.731666	0.432128	0.020033	2.5
279	-0.174586	2.741492	0.431949	0.023664	2.2
280	-0.200320	2.751318	0.431770	0.028114	2.3
281	-0.203213	2.761144	0.431592	0.024015	2.7
282	-0.238781	2.770971	0.431413	0.030659	2.6
283	-0.196340	2.780797	0.431235	0.021725	2.6
284	-0.163099	2.790623	0.431057	0.023035	2.4
285	-0.166225	2.800449	0.430879	0.041433	2.3
286	-0.167253	2.810275	0.430701	0.016316	2.5
287	-0.210748	2.820101	0.430524	0.043137	2.2
288	-0.117989	2.829927	0.430346	0.012211	2.4
289	-0.127449	2.839753	0.430169	0.015958	2.2
290	-0.188687	2.849580	0.429991	0.016152	2.3
291	-0.250564	2.859406	0.429814	0.023898	3.1
292	-0.270845	2.869232	0.429637	0.031766	2.3
293	-0.310762	2.879058	0.429461	0.026961	2.4
294	-0.153591	2.888884	0.429284	0.028134	2.5
295	-0.218565	2.898710	0.429107	0.024717	2.5
296	-0.143413	2.908536	0.428931	0.032775	2.6
297	-0.196820	2.918363	0.428755	0.047498	2.5
298	-0.294874	2.928189	0.428579	0.026475	3.1
299	-0.235253	2.938015	0.428403	0.029532	2.8
300	-0.148511	2.947841	0.428227	0.011575	2.6
301	-0.134688	2.957667	0.428051	0.035375	2.2
302	-0.162319	2.967493	0.427876	0.038842	2.4
303	-0.174075	2.977319	0.427701	0.029134	2.2
304	-0.228662	2.987146	0.427525	0.007112	2.2
305	-0.219437	2.996972	0.427350	0.027066	2.5
306	-0.174069	3.006798	0.427175	0.033116	2.2
307	-0.153878	3.016624	0.427001	0.017045	2.3
308	-0.135807	3.026450	0.426826	0.036784	3.3
309	-0.083088	3.036276	0.426652	0.010623	2.7
310	-0.293765	3.046102	0.426477	0.025038	2.4
311	-0.160161	3.055928	0.426303	0.020397	2.2
312	-0.285778	3.065755	0.426129	0.022184	2.5
313	-0.140901	3.075581	0.425955	0.041977	2.3
314	-0.294226	3.085407	0.425781	0.028226	2.4
315	-0.187039	3.095233	0.425608	0.032704	3.2
316	-0.238510	3.105059	0.425434	0.028215	2.5
317	-0.228477	3.114885	0.425261	0.014823	2.7
318	-0.242974	3.124711	0.425088	0.031449	2.2
319	-0.145767	3.134538	0.424914	0.012562	2.3
320	-0.182006	3.144364	0.424742	0.020280	2.2
321	-0.204525	3.154190	0.424569	0.025128	2.2
322	-0.140135	3.164016	0.424396	0.042514	3.0
323	-0.109317	3.173842	0.424224	0.010247	2.3
324	-0.108233	3.183668	0.424051	0.006184	2.3
325	-0.170176	3.193494	0.423879	0.028538	2.2
326	-0.165822	3.203321	0.423707	0.015610	2.2
327	-0.250111	3.213147	0.423535	0.036435	2.6
328	-0.175170	3.222973	0.423363	0.017792	2.2
329	-0.142061	3.232799	0.423191	0.020191	2.4
330	-0.068891	3.242625	0.423020	0.013435	2.2
331	-0.236419	3.252451	0.422849	0.023022	2.3
332	-0.297973	3.262277	0.422677	0.020145	2.6
333	-0.229810	3.272103	0.422506	0.018863	2.2
334	-0.199322	3.281930	0.422335	0.036821	2.5
335	-0.130948	3.291756	0.422164	0.013631	2.6
336	-0.124823	3.301582	0.421994	0.012423	2.5
337	-0.299805	3.311408	0.421823	0.026569	2.6
338	-0.124873	3.321234	0.421653	0.023713	2.5
339	-0.201041	3.331060	0.421482	0.028055	2.4
340	-0.121694	3.340886	0.421312	0.014815	2.4
341	-0.131023	3.350713	0.421142	0.024515	2.2
342	-0.173568	3.360539	0.420972	0.036597	2.4
343	-0.154157	3.370365	0.420803	0.034623	2.2
344	-0.188584	3.380191	0.420633	0.015103	2.5
345	-0.155793	3.390017	0.420464	0.028625	2.2
346	-0.226298	3.399843	0.420294	0.037929	2.2
347	-0.177848	3.409669	0.420125	0.023678	2.5
348	-0.200621	3.419496	0.419956	0.015688	2.4
349	-0.142761	3.429322	0.419787	0.011465	2.6
350	-0.129381	3.439148	0.419618	0.018903	2.2
351	-0.112462	3.448974	0.419450	0.015402	2.2
352	-0.274980	3.458800	0.419281	0.035501	2.7
353	-0.151937	3.468626	0.419113	0.028254	2.5
354	-0.225683	3.478452	0.418945	0.026686	2.6
355	-0.154005	3.488278	0.418776	0.018122	2.5
356	-0.180962	3.498105	0.418608	0.020475	2.3
357	-0.133149	3.507931	0.418441	0.010151	2.6
358	-0.157439	3.517757	0.418273	0.028514	2.2
359	-0.245867	3.527583	0.418105	0.016844	2.4
360	-0.204556	3.537409	0.417938	0.028351	2.2
361	-0.231674	3.547235	0.417771	0.035972	2.2
362	-0.099641	3.557061	0.417603	0.020045	2.4
363	-0.123796	3.566888	0.417436	0.034124	2.3
364	-0.285577	3.576714	0.417270	0.027691	3.5
365	-0.153777	3.586540	0.417103	0.019016	3.0
366	-0.189490	3.596366	0.416936	0.025209	2.7
367	-0.126371	3.606192	0.416770	0.027196	2.5
368	-0.270869	3.616018	0.416603	0.022756	2.6
369	-0.202301	3.625844	0.416437	0.021933	2.8
370	-0.154644	3.635671	0.416271	0.032847	2.4
371	-0.172017	3.645497	0.416105	0.020734	2.6
372	-0.153721	3.655323	0.415939	0.026932	2.2
373	-0.182499	3.665149	0.415773	0.024517	2.5
374	-0.217009	3.674975	0.415608	0.019987	2.3
375	-0.154664	3.684801	0.415442	0.014151	2.6
376	-0.233950	3.694627	0.415277	0.033802	2.4
377	-0.204509	3.704453	0.415112	0.030236	2.3
378	-0.259236	3.714280	0.414947	0.062058	2.7
379	-0.209841	3.724106	0.414782	0.023924	2.6
380	-0.216360	3.733932	0.414617	0.024148	2.4
381	-0.255033	3.743758	0.414453	0.042183	2.2
382	-0.183248	3.753584	0.414288	0.020743	2.2
383	-0.210544	3.763410	0.414124	0.022528	2.7
384	-0.205237	3.773236	0.413959	0.023503	2.2
385	-0.108820	3.783063	0.413795	0.017361	2.4
386	-0.256112	3.792889	0.413631	0.030152	2.3
387	-0.125198	3.802715	0.413467	0.037882	2.5
388	-0.119573	3.812541	0.413304	0.013066	3.1
389	-0.114098	3.822367	0.413140	0.016780	2.8
390	-0.118021	3.832193	0.412977	0.016761	2.6
391	-0.175045	3.842019	0.412813	0.016604	2.2
392	-0.189977	3.851846	0.412650	0.015154	2.6
393	-0.172702	3.861672	0.412487	0.022318	2.8
394	-0.252751	3.871498	0.412324	0.044340	2.6
395	-0.198449	3.881324	0.412161	0.028490	3.0
396	-0.123332	3.891150	0.411998	0.036769	2.6
397	-0.206391	3.900976	0.411836	0.025584	2.8
398	-0.307348	3.910802	0.411673	0.024062	2.4
399	-0.203319	3.920628	0.411511	0.032071	2.5
400	-0.226118	3.930455	0.411349	0.029195	2.4
401	-0.177459	3.940281	0.411187	0.021831	2.3
402	-0.120772	3.950107	0.411025	0.017213	2.7
403	-0.239694	3.959933	0.410863	0.030621	2.2
404	-0.250521	3.969759	0.410701	0.021130	2.4
405	-0.268127	3.979585	0.410540	0.016151	2.2
406	-0.193961	3.989411	0.410378	0.037287	2.2
407	-0.196296	3.999238	0.410217	0.011155	2.3
408	-0.143765	4.009064	0.410056	0.017318	2.4
409	-0.175976	4.018890	0.409895	0.024696	2.4
410	-0.149800	4.028716	0.409734	0.017651	2.2
411	-0.143145	4.038542	0.409573	0.026285	2.5
412	-0.237633	4.048368	0.409412	0.020568	3.6
413	-0.263410	4.058194	0.409252	0.051073	2.6
414	-0.176601	4.068021	0.409091	0.027723	2.7
415	-0.219463	4.077847	0.408931	0.023151	2.5
416	-0.196573	4.087673	0.408771	0.024121	2.8
417	-0.139575	4.097499	0.408611	0.023280	2.3
418	-0.219511	4.107325	0.408451	0.029268	2.4
419	-0.211254	4.117151	0.408291	0.026576	2.5
420	-0.110722	4.126977	0.408132	0.013847	2.2
421	-0.165771	4.136803	0.407972	0.025110	2.5
422	-0.271704	4.146630	0.407813	0.025268	2.2
423	-0.189719	4.156456	0.407653	0.033427	2.4
424	-0.207859	4.166282	0.407494	0.030085	2.2
425	-0.159985	4.176108	0.407335	0.015110	2.3
426	-0.235493	4.185934	0.407176	0.011925	3.3
427	-0.100836	4.195760	0.407017	0.026080	2.2
428	-0.229699	4.205586	0.406859	0.029227	2.3
429	-0.248574	4.215413	0.406700	0.039975	2.2
430	-0.179437	4.225239	0.406542	0.014525	2.2
431	-0.126857	4.235065	0.406383	0.013157	2.9
432	-0.178035	4.244891	0.406225	0.016318	2.2
433	-0.233939	4.254717	0.406067	0.029701	2.5
434	-0.223753	4.264543	0.405909	0.014754	2.5
435	-0.200068	4.274369	0.405752	0.019855	2.2
436	-0.201776	4.284196	0.405594	0.008730	2.5
437	-0.205219	4.294022	0.405436	0.016838	2.2
438	-0.280382	4.303848	0.405279	0.027687	2.5
439	-0.158390	4.313674	0.405122	0.013602	2.3
440	-0.250020	4.323500	0.404964	0.031028	2.4
441	-0.193043	4.333326	0.404807	0.016689	2.5
442	-0.264769	4.343152	0.404650	0.020718	2.3
443	-0.169516	4.352979	0.404493	0.051535	2.7
444	-0.209256	4.362805	0.404337	0.012385	2.6
445	-0.246903	4.372631	0.404180	0.045898	2.6
446	-0.229930	4.382457	0.404024	0.022201	2.2
447	-0.231140	4.392283	0.403867	0.017417	2.3
448	-0.196319	4.402109	0.403711	0.009209	2.8
449	-0.142195	4.411935	0.403555	0.038779	2.5
450	-0.227994	4.421761	0.403399	0.033336	2.8
451	-0.212520	4.431588	0.403243	0.040360	3.1
452	-0.243784	4.441414	0.403087	0.045396	2.3
453	-0.231441	4.451240	0.402932	0.031907	2.5
454	-0.198032	4.461066	0.402776	0.020752	2.2
455	-0.216062	4.470892	0.402621	0.029071	2.3
456	-0.252427	4.480718	0.402466	0.027174	2.4
457	-0.147701	4.490544	0.402311	0.025028	2.7
458	-0.124372	4.500371	0.402155	0.012656	2.5
459	-0.256095	4.510197	0.402001	0.040153	2.2
460	-0.240388	4.520023	0.401846	0.027414	2.5
461	-0.226372	4.529849	0.401691	0.027921	2.1
462	-0.244157	4.539675	0.401537	0.012135	2.3
463	-0.111803	4.549501	0.401382	0.026226	2.6
464	-0.108268	4.559327	0.401228	0.018728	2.2
465	-0.130898	4.569154	0.401074	0.011300	2.3
466	-0.335522	4.578980	0.400920	0.040390	2.2
467	-0.196230	4.588806	0.400766	0.022771	2.3
468	-0.089961	4.598632	0.400612	0.024369	2.6
469	-0.154329	4.608458	0.400458	0.015708	2.6
470	-0.239153	4.618284	0.400304	0.051553	3.1
471	-0.150624	4.628110	0.400151	0.014193	2.5
472	-0.223756	4.637936	0.399998	0.016968	2.6
473	-0.170001	4.647763	0.399844	0.016140	2.6
474	-0.074681	4.657589	0.399691	0.019196	2.8
475	-0.283813	4.667415	0.399538	0.029760	2.8
476	-0.135132	4.677241	0.399385	0.036344	2.6
477	-0.197471	4.687067	0.399233	0.040257	2.4
478	-0.103072	4.696893	0.399080	0.024297	2.5
479	-0.209955	4.706719	0.398927	0.029905	2.7
480	-0.253398	4.716546	0.398775	0.014858	2.8
481	-0.190419	4.726372	0.398623	0.023735	3.1
482	-0.201311	4.736198	0.398470	0.028936	2.6
483	-0.157159	4.746024	0.398318	0.033557	3.1
484	-0.193793	4.755850	0.398166	0.028827	2.6
485	-0.114448	4.765676	0.398015	0.015632	2.5
486	-0.205577	4.775502	0.397863	0.037080	2.5
487	-0.175387	4.785329	0.397711	0.034614	2.4
488	-0.166929	4.795155	0.397560	0.024135	2.8
489	-0.238895	4.804981	0.397408	0.030186	2.3
490	-0.184935	4.814807	0.397257	0.020143	2.7
491	-0.231580	4.824633	0.397106	0.030329	2.7
492	-0.152382	4.834459	0.396955	0.034727	2.4
493	-0.205834	4.844285	0.396804	0.036829	2.5
494	-0.175586	4.854111	0.396653	0.010438	2.6
495	-0.231433	4.863938	0.396502	0.015085	2.5
496	-0.170426	4.873764	0.396352	0.016851	2.2
497	-0.131250	4.883590	0.396201	0.024033	2.5
498	-0.140967	4.893416	0.396051	0.034014	2.9
499	-0.260509	4.903242	0.395901	0.033730	2.3
500	-0.195873	4.913068	0.395751	0.018992	2.6
501	-0.244858	4.922894	0.395601	0.018794	2.4
502	-0.308525	4.932721	0.395451	0.011640	2.5
503	-0.275614	4.942547	0.395301	0.040776	2.2
504	-0.177743	4.952373	0.395151	0.034429	2.3
505	-0.249648	4.962199	0.395002	0.016501	3.0
506	-0.128880	4.972025	0.394852	0.015929	2.6
507	-0.150818	4.981851	0.394703	0.027421	2.5
508	-0.249040	4.991677	0.394554	0.041567	2.2
509	-0.206990	5.001504	0.394405	0.010991	2.6
510	-0.152545	5.011330	0.394256	0.032131	2.1
511	-0.121025	5.021156	0.394107	0.011871	2.1
512	-0.214174	5.030982	0.393958	0.050761	2.8
513	-0.192389	5.040808	0.393809	0.021514	2.2
514	-0.229278	5.050634	0.393661	0.022825	2.3
515	-0.169164	5.060460	0.393512	0.029645	2.4
516	-0.113877	5.070286	0.393364	0.017778	2.2
517	-0.205657	5.080113	0.393216	0.025296	2.4
518	-0.228219	5.089939	0.393068	0.033930	2.2
519	-0.168472	5.099765	0.392920	0.015556	2.2
520	-0.140063	5.109591	0.392772	0.039208	2.2
521	-0.163794	5.119417	0.392624	0.025005	2.4
522	-0.273068	5.129243	0.392477	0.042560	2.7
523	-0.218793	5.139069	0.392329	0.052720	2.5
524	-0.228193	5.148896	0.392182	0.031233	2.5
525	-0.184110	5.158722	0.392034	0.013543	2.5
526	-0.153547	5.168548	0.391887	0.015511	2.4
527	-0.239262	5.178374	0.391740	0.042518	2.7
528	-0.127189	5.188200	0.391593	0.023925	2.2
529	-0.248818	5.198026	0.391446	0.023443	2.4
530	-0.261357	5.207852	0.391299	0.022539	2.5
531	-0.252308	5.217679	0.391153	0.019095	2.2
532	-0.201031	5.227505	0.391006	0.058206	3.0
533	-0.229900	5.237331	0.390860	0.027069	2.6
534	-0.161147	5.247157	0.390713	0.020634	2.5
535	-0.262373	5.256983	0.390567	0.055362	2.2
536	-0.201370	5.266809	0.390421	0.025881	2.3
537	-0.158924	5.276635	0.390275	0.022060	2.8
538	-0.288464	5.286461	0.390129	0.021557	2.4
539	-0.235256	5.296288	0.389983	0.045047	2.5
540	-0.202050	5.306114	0.389838	0.019334	2.2
541	-0.097975	5.315940	0.389692	0.048975	2.3
542	-0.237212	5.325766	0.389547	0.016380	2.6
543	-0.136378	5.335592	0.389401	0.015438	2.3
544	-0.236171	5.345418	0.389256	0.021203	2.6
545	-0.189496	5.355244	0.389111	0.017365	2.2
546	-0.091216	5.365071	0.388966	0.011452	2.4
547	-0.122585	5.374897	0.388821	0.019859	2.8
548	-0.127147	5.384723	0.388676	0.036808	2.3
549	-0.245907	5.394549	0.388532	0.056736	2.5
550	-0.128045	5.404375	0.388387	0.015322	2.2
551	-0.193244	5.414201	0.388242	0.017856	2.5
552	-0.085997	5.424027	0.388098	0.010950	2.5
553	-0.113990	5.433854	0.387954	0.011541	2.3
554	-0.159749	5.443680	0.387810	0.025925	2.6
555	-0.217244	5.453506	0.387666	0.036286	2.2
556	-0.129585	5.463332	0.387522	0.028020	2.3
557	-0.213884	5.473158	0.387378	0.036038	2.4
558	-0.185202	5.482984	0.387234	0.023208	2.2
559	-0.182270	5.492810	0.387090	0.021825	2.7
560	-0.153093	5.502636	0.386947	0.055438	2.3
561	-0.128677	5.512463	0.386804	0.014969	2.6
562	-0.254439	5.522289	0.386660	0.046919	2.5
563	-0.078997	5.532115	0.386517	0.021958	2.4
564	-0.160439	5.541941	0.386374	0.025459	2.3
565	-0.133603	5.551767	0.386231	0.021417	2.2
566	-0.212938	5.561593	0.386088	0.030212	2.9
567	-0.281513	5.571419	0.385945	0.030302	2.6
568	-0.233992	5.581246	0.385803	0.014213	3.0
569	-0.167704	5.591072	0.385660	0.021973	3.1
570	-0.246699	5.600898	0.385518	0.051200	4.0
571	-0.293543	5.610724	0.385375	0.040710	3.7
572	-0.181919	5.620550	0.385233	0.018882	3.5
573	-0.254980	5.630376	0.385091	0.038495	3.3
574	-0.230076	5.640202	0.384949	0.044805	3.4
575	-0.257870	5.650029	0.384807	0.051262	4.4
576	-0.157560	5.659855	0.384665	0.023717	3.1
577	-0.189047	5.669681	0.384523	0.031792	3.1
578	-0.194924	5.679507	0.384382	0.016361	3.5
579	-0.155106	5.689333	0.384240	0.038957	3.2
580	-0.241580	5.699159	0.384099	0.022945	3.9
581	-0.246477	5.708985	0.383957	0.043490	3.4
582	-0.231772	5.718811	0.383816	0.042067	3.4
583	-0.175821	5.728638	0.383675	0.039545	3.1
584	-0.189735	5.738464	0.383534	0.037517	3.0
585	-0.165416	5.748290	0.383393	0.018242	2.6
586	-0.214103	5.758116	0.383252	0.029925	4.0
587	-0.289929	5.767942	0.383112	0.032395	3.4
588	-0.140845	5.777768	0.382971	0.020263	3.2
589	-0.080211	5.787594	0.382831	0.016313	2.8
590	-0.113181	5.797421	0.382690	0.020779	2.7
591	-0.149082	5.807247	0.382550	0.069760	2.8
592	-0.139342	5.817073	0.382410	0.028869	3.1
593	-0.136393	5.826899	0.382270	0.017303	3.0
594	-0.106093	5.836725	0.382130	0.015950	3.2
595	-0.293291	5.846551	0.381990	0.034551	2.7
596	-0.241831	5.856377	0.381850	0.057721	2.8
597	-0.113913	5.866204	0.381711	0.039888	2.6
598	-0.131219	5.876030	0.381571	0.031667	3.0
599	-0.210983	5.885856	0.381432	0.018536	2.6
600	-0.176219	5.895682	0.381292	0.019834	3.2
601	-0.136452	5.905508	0.381153	0.020301	2.9
602	-0.306346	5.915334	0.381014	0.024063	3.3
603	-0.305317	5.925160	0.380875	0.056665	2.9
604	-0.210847	5.934986	0.380736	0.047742	2.8
605	-0.153490	5.944813	0.380597	0.007638	2.5
606	-0.203325	5.954639	0.380458	0.020994	3.0
607	-0.224139	5.964465	0.380320	0.011001	2.5
608	-0.127235	5.974291	0.380181	0.028552	2.6
609	-0.111530	5.984117	0.380043	0.022070	2.5
610	-0.129764	5.993943	0.379904	0.034186	2.9
611	-0.389755	6.003769	0.379766	0.047091	3.0
612	-0.139279	6.013596	0.379628	0.013912	2.9
613	-0.241788	6.023422	0.379490	0.018935	2.8
614	-0.084175	6.033248	0.379352	0.033341	3.5
615	-0.211277	6.043074	0.379214	0.032853	3.2
616	-0.282833	6.052900	0.379076	0.022314	2.6
617	-0.198849	6.062726	0.378939	0.027038	2.8
618	-0.090414	6.072552	0.378801	0.029225	3.4
619	-0.207405	6.082379	0.378664	0.039077	3.1
620	-0.221222	6.092205	0.378526	0.018259	2.8
621	-0.149462	6.102031	0.378389	0.024964	3.3
622	-0.141091	6.111857	0.378252	0.025557	2.8
623	-0.166093	6.121683	0.378115	0.036245	2.6
624	-0.183256	6.131509	0.377978	0.039509	2.6
625	-0.158234	6.141335	0.377841	0.036982	2.8
626	-0.238998	6.151161	0.377704	0.036184	2.8
627	-0.108095	6.160988	0.377568	0.016981	3.2
628	-0.220057	6.170814	0.377431	0.021016	2.5
629	-0.126339	6.180640	0.377295	0.020921	2.8
630	-0.189438	6.190466	0.377158	0.015441	2.6
631	-0.193179	6.200292	0.377022	0.024769	2.8
632	-0.270996	6.210118	0.376886	0.018378	2.8
633	-0.258173	6.219944	0.376750	0.018757	2.6
634	-0.204781	6.229771	0.376614	0.018089	2.3
635	-0.132871	6.239597	0.376478	0.014792	2.3
636	-0.160891	6.249423	0.376342	0.005236	2.8
637	-0.163990	6.259249	0.376207	0.012850	2.5
638	-0.081746	6.269075	0.376071	0.015572	2.4
639	-0.170846	6.278901	0.375936	0.022510	2.2
640	-0.145679	6.288727	0.375800	0.008481	2.3
641	-0.121246	6.298554	0.375665	0.010570	2.9
642	-0.178176	6.308380	0.375530	0.018097	2.5
643	-0.251927	6.318206	0.375395	0.050783	2.7
644	-0.211133	6.328032	0.375260	0.027879	2.4
645	-0.208729	6.337858	0.375125	0.021309	2.6
646	-0.223756	6.347684	0.374990	0.015266	2.2
647	-0.155827	6.357510	0.374856	0.046629	2.3
648	-0.163057	6.367337	0.374721	0.022066	2.7
649	-0.145876	6.377163	0.374586	0.021784	2.4
650	-0.189067	6.386989	0.374452	0.012798	2.5
651	-0.199737	6.396815	0.374318	0.019303	2.4
652	-0.199431	6.406641	0.374184	0.033157	2.3
653	-0.103545	6.416467	0.374049	0.021597	2.5
654	-0.204921	6.426293	0.373915	0.029730	2.3
655	-0.173509	6.436119	0.373782	0.008605	2.5
656	-0.145373	6.445946	0.373648	0.013114	2.3
657	-0.279742	6.455772	0.373514	0.014467	2.3
658	-0.232444	6.465598	0.373380	0.033723	2.6
659	-0.142260	6.475424	0.373247	0.023318	2.7
660	-0.122701	6.485250	0.373113	0.016225	2.5
661	-0.192117	6.495076	0.372980	0.042296	2.4
662	-0.311087	6.504902	0.372847	0.057611	2.3
663	-0.097340	6.514729	0.372714	0.019795	2.3
664	-0.293954	6.524555	0.372581	0.032729	2.5
665	-0.130546	6.534381	0.372448	0.021751	2.8
666	-0.273435	6.544207	0.372315	0.053422	2.2
667	-0.203785	6.554033	0.372182	0.029229	2.8
668	-0.240284	6.563859	0.372049	0.022276	2.7
669	-0.127048	6.573685	0.371917	0.032477	2.3
670	-0.145966	6.583512	0.371784	0.019767	2.5
671	-0.235952	6.593338	0.371652	0.031375	2.5
672	-0.158224	6.603164	0.371520	0.015164	2.6
673	-0.229755	6.612990	0.371387	0.027428	2.8
674	-0.310624	6.622816	0.371255	0.033004	2.5
675	-0.156947	6.632642	0.371123	0.029652	2.6
676	-0.176973	6.642468	0.370991	0.010837	2.7
677	-0.143238	6.652294	0.370859	0.029504	3.9
678	-0.178708	6.662121	0.370728	0.023509	3.6
679	-0.230874	6.671947	0.370596	0.055197	2.5
680	-0.177204	6.681773	0.370464	0.015736	3.0
681	-0.285299	6.691599	0.370333	0.051108	2.6
682	-0.279221	6.701425	0.370202	0.026800	2.8
683	-0.209469	6.711251	0.370070	0.006468	2.5
684	-0.253890	6.721077	0.369939	0.042143	2.6
685	-0.246249	6.730904	0.369808	0.024668	2.2
686	-0.149482	6.740730	0.369677	0.013253	2.3
687	-0.147381	6.750556	0.369546	0.015639	2.5
688	-0.157539	6.760382	0.369415	0.023248	2.3
689	-0.144325	6.770208	0.369285	0.021358	2.3
690	-0.149240	6.780034	0.369154	0.011557	3.0
691	-0.267245	6.789860	0.369024	0.017285	5.8
692	-0.158408	6.799687	0.368893	0.020728	5.8
693	-0.147168	6.809513	0.368763	0.027806	3.8
694	-0.289122	6.819339	0.368633	0.065208	3.0
695	-0.235556	6.829165	0.368502	0.025562	2.4
696	-0.274403	6.838991	0.368372	0.035618	2.4
697	-0.169756	6.848817	0.368242	0.025440	2.6
698	-0.194547	6.858643	0.368112	0.016527	2.5
699	-0.155114	6.868469	0.367983	0.021869	2.2
700	-0.257297	6.878296	0.367853	0.025192	2.6
701	-0.178526	6.888122	0.367723	0.008019	2.8
702	-0.231030	6.897948	0.367594	0.016471	2.3
703	-0.127511	6.907774	0.367464	0.011291	2.7
704	-0.181075	6.917600	0.367335	0.010303	2.3
705	-0.213415	6.927426	0.367206	0.031192	2.3
706	-0.130290	6.937252	0.367077	0.024033	2.2
707	-0.234096	6.947079	0.366948	0.027288	2.2
708	-0.140327	6.956905	0.366819	0.008427	2.6
709	-0.269301	6.966731	0.366690	0.025285	2.2
710	-0.213572	6.976557	0.366561	0.031110	2.3
711	-0.231345	6.986383	0.366432	0.027611	2.6
712	-0.264323	6.996209	0.366304	0.025229	2.4
713	-0.209637	7.006035	0.366175	0.015517	2.6
714	-0.213966	7.015862	0.366047	0.048313	2.2
715	-0.230933	7.025688	0.365918	0.043585	2.6
716	-0.298137	7.035514	0.365790	0.026997	3.4
717	-0.295137	7.045340	0.365662	0.029910	3.3
718	-0.239350	7.055166	0.365534	0.032534	2.7
719	-0.283320	7.064992	0.365406	0.041222	2.4
720	-0.238811	7.074818	0.365278	0.017896	2.2
721	-0.183090	7.084644	0.365150	0.025542	2.2
722	-0.302576	7.094471	0.365023	0.021907	2.6
723	-0.200582	7.104297	0.364895	0.049336	2.2
724	-0.318294	7.114123	0.364767	0.012455	2.5
725	-0.239401	7.123949	0.364640	0.023132	2.5
726	-0.213102	7.133775	0.364513	0.021934	2.2
727	-0.095889	7.143601	0.364385	0.011065	2.6
728	-0.206982	7.153427	0.364258	0.015854	2.2
729	-0.176991	7.163254	0.364131	0.020165	2.3
730	-0.305893	7.173080	0.364004	0.033748	2.2
731	-0.214208	7.182906	0.363877	0.017974	2.3
732	-0.150625	7.192732	0.363750	0.009731	2.6
733	-0.248709	7.202558	0.363624	0.070470	2.2
734	-0.120888	7.212384	0.363497	0.020379	2.3
735	-0.197992	7.222210	0.363370	0.025855	2.2
736	-0.236137	7.232037	0.363244	0.026391	2.2
737	-0.163249	7.241863	0.363117	0.019647	2.5
738	-0.259627	7.251689	0.362991	0.018137	2.4
739	-0.189299	7.261515	0.362865	0.028806	2.4
740	-0.245748	7.271341	0.362739	0.034763	3.0
741	-0.122956	7.281167	0.362613	0.018835	2.3
742	-0.230096	7.290993	0.362487	0.010733	2.6
743	-0.246709	7.300819	0.362361	0.043566	2.5
744	-0.130631	7.310646	0.362235	0.015374	2.5
745	-0.119119	7.320472	0.362110	0.020578	2.2
746	-0.235691	7.330298	0.361984	0.017954	2.2
747	-0.209221	7.340124	0.361858	0.011214	2.7
748	-0.232401	7.349950	0.361733	0.023580	2.2
749	-0.215536	7.359776	0.361608	0.020768	2.7
750	-0.157104	7.369602	0.361482	0.033135	2.7
751	-0.191576	7.379429	0.361357	0.034720	2.3
752	-0.252337	7.389255	0.361232	0.053312	2.9
753	-0.246623	7.399081	0.361107	0.036321	2.2
754	-0.165335	7.408907	0.360982	0.025495	2.4
755	-0.129881	7.418733	0.360858	0.014933	2.2
756	-0.137954	7.428559	0.360733	0.034105	2.3
757	-0.117858	7.438385	0.360608	0.005681	2.6
758	-0.136929	7.448212	0.360484	0.036373	2.3
759	-0.317221	7.458038	0.360359	0.020479	2.5
760	-0.141524	7.467864	0.360235	0.022726	2.2
761	-0.254430	7.477690	0.360110	0.023404	2.2
762	-0.201065	7.487516	0.359986	0.029687	2.5
763	-0.194507	7.497342	0.359862	0.017598	2.2
764	-0.200324	7.507168	0.359738	0.020301	2.3
765	-0.193317	7.516994	0.359614	0.019802	2.2
766	-0.173347	7.526821	0.359490	0.043193	2.2
767	-0.188428	7.536647	0.359366	0.036542	2.6
768	-0.203387	7.546473	0.359243	0.044358	2.4
769	-0.257945	7.556299	0.359119	0.012863	2.3
770	-0.117142	7.566125	0.358996	0.006663	2.5
771	-0.183645	7.575951	0.358872	0.024227	2.3
772	-0.263720	7.585777	0.358749	0.013142	2.9
773	-0.250885	7.595604	0.358626	0.022950	2.3
774	-0.154227	7.605430	0.358502	0.016833	2.6
775	-0.214441	7.615256	0.358379	0.012219	2.9
776	-0.213260	7.625082	0.358256	0.025297	2.7
777	-0.315843	7.634908	0.358133	0.023822	2.3
778	-0.125392	7.644734	0.358010	0.020065	2.2
779	-0.188120	7.654560	0.357888	0.030984	2.7
780	-0.250915	7.664387	0.357765	0.030974	2.2
781	-0.128321	7.674213	0.357642	0.026582	2.4
782	-0.179816	7.684039	0.357520	0.028657	2.6
783	-0.206642	7.693865	0.357397	0.013856	2.3
784	-0.145854	7.703691	0.357275	0.020065	2.6
785	-0.311011	7.713517	0.357153	0.031437	2.3
786	-0.224941	7.723343	0.357031	0.029261	2.4
787	-0.149941	7.733169	0.356909	0.044247	2.2
788	-0.180095	7.742996	0.356787	0.010179	2.2
789	-0.119572	7.752822	0.356665	0.018963	2.6
790	-0.208247	7.762648	0.356543	0.019670	2.2
791	-0.243677	7.772474	0.356421	0.030917	2.6
792	-0.213597	7.782300	0.356299	0.029888	2.5
793	-0.263169	7.792126	0.356178	0.038448	2.2
794	-0.256354	7.801952	0.356056	0.020467	2.5
795	-0.264163	7.811779	0.355935	0.054344	2.2
796	-0.251355	7.821605	0.355813	0.021370	2.3
797	-0.286145	7.831431	0.355692	0.033842	2.4
798	-0.251637	7.841257	0.355571	0.032464	2.2
799	-0.197300	7.851083	0.355450	0.025958	2.7
800	-0.122272	7.860909	0.355329	0.018397	2.2
801	-0.264748	7.870735	0.355208	0.012880	2.4
802	-0.131799	7.880562	0.355087	0.008224	2.2
803	-0.270544	7.890388	0.354966	0.022394	2.2
804	-0.163583	7.900214	0.354846	0.026982	2.3
805	-0.127556	7.910040	0.354725	0.028311	2.2
806	-0.219419	7.919866	0.354604	0.027475	2.3
807	-0.239093	7.929692	0.354484	0.029893	2.9
808	-0.148150	7.939518	0.354364	0.034793	2.2
809	-0.157829	7.949344	0.354243	0.031631	2.3
810	-0.144905	7.959171	0.354123	0.041475	2.2
811	-0.251702	7.968997	0.354003	0.043926	2.2
812	-0.204741	7.978823	0.353883	0.027829	2.7
813	-0.223227	7.988649	0.353763	0.033986	2.6
814	-0.129325	7.998475	0.353643	0.021523	2.9
815	-0.309809	8.008301	0.353523	0.033183	2.5
816	-0.261820	8.018127	0.353404	0.037059	2.5
817	-0.206106	8.027954	0.353284	0.016626	2.4
818	-0.240578	8.037780	0.353165	0.026479	2.7
819	-0.286913	8.047606	0.353045	0.039187	2.6
820	-0.281832	8.057432	0.352926	0.049042	2.8
821	-0.182896	8.067258	0.352806	0.032795	3.5
822	-0.208356	8.077084	0.352687	0.031303	2.3
823	-0.298535	8.086910	0.352568	0.028241	3.4
824	-0.228859	8.096737	0.352449	0.024042	2.6
825	-0.179622	8.106563	0.352330	0.018313	2.6
826	-0.144979	8.116389	0.352211	0.020049	2.2
827	-0.184324	8.126215	0.352092	0.021843	2.5
828	-0.238360	8.136041	0.351973	0.022224	2.2
829	-0.147559	8.145867	0.351855	0.029741	2.6
830	-0.196875	8.155693	0.351736	0.034722	3.5
831	-0.252061	8.165519	0.351618	0.033216	2.2
832	-0.133410	8.175346	0.351499	0.021816	3.1
833	-0.165081	8.185172	0.351381	0.015381	2.2
834	-0.151912	8.194998	0.351263	0.009670	2.5
835	-0.243358	8.204824	0.351145	0.026746	2.2
836	-0.177782	8.214650	0.351026	0.041756	2.4
837	-0.224931	8.224476	0.350908	0.026484	3.0
838	-0.190314	8.234302	0.350790	0.032252	2.3
839	-0.133294	8.244129	0.350673	0.037902	2.7
840	-0.237818	8.253955	0.350555	0.030642	2.2
841	-0.232902	8.263781	0.350437	0.057104	2.4
842	-0.232225	8.273607	0.350319	0.015527	2.2
843	-0.277032	8.283433	0.350202	0.029222	2.3
844	-0.270591	8.293259	0.350084	0.015052	2.6
845	-0.078121	8.303085	0.349967	0.023673	2.2
846	-0.103544	8.312912	0.349850	0.026678	2.3
847	-0.242431	8.322738	0.349732	0.023665	2.7
848	-0.183531	8.332564	0.349615	0.027607	2.2
849	-0.233271	8.342390	0.349498	0.049031	2.7
850	-0.197247	8.352216	0.349381	0.011243	2.2
851	-0.137127	8.362042	0.349264	0.019936	2.3
852	-0.126172	8.371868	0.349147	0.014505	3.2
853	-0.230380	8.381695	0.349031	0.021245	2.3
854	-0.196700	8.391521	0.348914	0.031197	2.5
855	-0.126427	8.401347	0.348797	0.032819	2.3
856	-0.252352	8.411173	0.348681	0.023564	2.6
857	-0.172043	8.420999	0.348564	0.013095	2.3
858	-0.220237	8.430825	0.348448	0.017036	2.3
859	-0.247950	8.440651	0.348332	0.024685	2.3
860	-0.226152	8.450477	0.348216	0.060834	2.4
861	-0.247920	8.460304	0.348099	0.030254	2.5
862	-0.110636	8.470130	0.347983	0.022835	2.6
863	-0.218391	8.479956	0.347867	0.016756	2.3
864	-0.195720	8.489782	0.347751	0.064025	2.4
865	-0.241683	8.499608	0.347636	0.020998	2.5
866	-0.118134	8.509434	0.347520	0.034069	2.5
867	-0.108818	8.519260	0.347404	0.036552	2.2
868	-0.149281	8.529087	0.347289	0.028516	2.5
869	-0.258532	8.538913	0.347173	0.043326	2.7
870	-0.210153	8.548739	0.347058	0.038118	2.3
871	-0.174898	8.558565	0.346942	0.023103	3.0
872	-0.198506	8.568391	0.346827	0.013342	2.4
873	-0.188176	8.578217	0.346712	0.021297	2.5
874	-0.243843	8.588043	0.346597	0.023875	2.5
875	-0.273073	8.597870	0.346481	0.024825	2.2
876	-0.121360	8.607696	0.346367	0.013647	2.5
877	-0.217298	8.617522	0.346252	0.010183	2.2
878	-0.180369	8.627348	0.346137	0.018358	2.5
879	-0.306401	8.637174	0.346022	0.026529	2.5
880	-0.252314	8.647000	0.345907	0.043345	2.4
881	-0.222889	8.656826	0.345793	0.016005	2.8
882	-0.239776	8.666652	0.345678	0.014434	2.3
883	-0.293109	8.676479	0.345564	0.012409	2.6
884	-0.176267	8.686305	0.345449	0.034799	2.1
885	-0.276149	8.696131	0.345335	0.016387	2.4
886	-0.261748	8.705957	0.345221	0.020383	2.5
887	-0.151682	8.715783	0.345107	0.036995	2.2
888	-0.140249	8.725609	0.344993	0.023013	2.5
889	-0.308606	8.735435	0.344879	0.019186	2.5
890	-0.242738	8.745262	0.344765	0.023743	2.9
891	-0.238110	8.755088	0.344651	0.031382	2.2
892	-0.202263	8.764914	0.344537	0.011285	2.3
893	-0.219393	8.774740	0.344423	0.054879	3.1
894	-0.183598	8.784566	0.344310	0.042519	2.2
895	-0.216800	8.794392	0.344196	0.030311	2.5
896	-0.108717	8.804218	0.344083	0.010662	2.2
897	-0.165921	8.814045	0.343969	0.020438	2.3
898	-0.231492	8.823871	0.343856	0.051352	2.6
899	-0.114071	8.833697	0.343743	0.008529	2.2
900	-0.184218	8.843523	0.343629	0.024043	2.3
901	-0.214251	8.853349	0.343516	0.039326	2.2
902	-0.173016	8.863175	0.343403	0.039465	2.3
903	-0.178991	8.873001	0.343290	0.032783	2.6
904	-0.234941	8.882827	0.343177	0.032566	2.4
905	-0.285530	8.892654	0.343065	0.036089	2.4
906	-0.165363	8.902480	0.342952	0.039179	2.2
907	-0.239759	8.912306	0.342839	0.036834	2.2
908	-0.230198	8.922132	0.342727	0.016559	2.4
909	-0.126118	8.931958	0.342614	0.017421	2.3
910	-0.175717	8.941784	0.342502	0.008639	2.4
911	-0.163278	8.951610	0.342389	0.016972	2.4
912	-0.138193	8.961437	0.342277	0.010815	2.4
913	-0.148965	8.971263	0.342165	0.013020	3.0
914	-0.231806	8.981089	0.342053	0.026051	2.3
915	-0.191621	8.990915	0.341941	0.028946	2.4
916	-0.156717	9.000741	0.341829	0.014857	2.2
917	-0.264903	9.010567	0.341717	0.025761	2.4
918	-0.176030	9.020393	0.341605	0.044484	2.9
919	-0.185111	9.030220	0.341493	0.036850	2.3
920	-0.172287	9.040046	0.341381	0.017674	2.6
921	-0.087018	9.049872	0.341270	0.015740	2.2
922	-0.189265	9.059698	0.341158	0.029640	2.6
923	-0.191186	9.069524	0.341047	0.018956	2.5
924	-0.248564	9.079350	0.340935	0.050214	2.4
925	-0.206336	9.089176	0.340824	0.030469	2.7
926	-0.144919	9.099002	0.340713	0.046660	2.2
927	-0.140531	9.108829	0.340602	0.015134	2.8
928	-0.192637	9.118655	0.340490	0.023637	2.6
929	-0.162941	9.128481	0.340379	0.020453	2.6
930	-0.174143	9.138307	0.340268	0.042710	2.2
931	-0.203263	9.148133	0.340158	0.027727	2.3
932	-0.258772	9.157959	0.340047	0.039224	2.8
933	-0.168245	9.167785	0.339936	0.012599	2.2
934	-0.212716	9.177612	0.339825	0.017432	2.3
935	-0.249956	9.187438	0.339715	0.045924	2.6
936	-0.223267	9.197264	0.339604	0.031963	2.2
937	-0.187205	9.207090	0.339494	0.012474	2.9
938	-0.244346	9.216916	0.339383	0.034712	2.5
939	-0.245041	9.226742	0.339273	0.036313	2.3
940	-0.144116	9.236568	0.339163	0.020339	2.2
941	-0.182229	9.246395	0.339052	0.039821	2.3
942	-0.221191	9.256221	0.338942	0.022287	2.8
943	-0.153908	9.266047	0.338832	0.033063	2.2
944	-0.297132	9.275873	0.338722	0.009963	2.5
945	-0.222146	9.285699	0.338612	0.033923	2.2
946	-0.109969	9.295525	0.338503	0.034055	2.2
947	-0.258855	9.305351	0.338393	0.029972	2.6
948	-0.202013	9.315177	0.338283	0.030405	2.2
949	-0.134155	9.325004	0.338174	0.023152	2.4
950	-0.216533	9.334830	0.338064	0.025778	2.2
951	-0.099318	9.344656	0.337955	0.020339	2.3
952	-0.192090	9.354482	0.337845	0.040891	2.8
953	-0.157506	9.364308	0.337736	0.017282	2.8
954	-0.238682	9.374134	0.337627	0.030050	2.4
955	-0.180015	9.383960	0.337517	0.024689	2.2
956	-0.167134	9.393787	0.337408	0.024232	2.2
957	-0.207893	9.403613	0.337299	0.024744	2.3
958	-0.286520	9.413439	0.337190	0.014116	2.3
959	-0.287211	9.423265	0.337081	0.052068	3.0
960	-0.181098	9.433091	0.336972	0.025843	2.6
961	-0.269996	9.442917	0.336864	0.015415	2.6
962	-0.244605	9.452743	0.336755	0.034936	2.2
963	-0.168370	9.462570	0.336646	0.023564	2.3
964	-0.127747	9.472396	0.336538	0.021963	3.0
965	-0.288414	9.482222	0.336429	0.031814	2.3
966	-0.227626	9.492048	0.336321	0.026416	2.6
967	-0.183459	9.501874	0.336213	0.032976	2.7
968	-0.285644	9.511700	0.336104	0.023888	2.3
969	-0.230103	9.521526	0.335996	0.052444	2.6
970	-0.252254	9.531352	0.335888	0.014496	2.4
971	-0.108486	9.541179	0.335780	0.023753	2.6
972	-0.234817	9.551005	0.335672	0.025892	2.2
973	-0.269403	9.560831	0.335564	0.030121	2.4
974	-0.194756	9.570657	0.335456	0.017225	2.8
975	-0.212977	9.580483	0.335348	0.038479	2.2
976	-0.225346	9.590309	0.335241	0.023712	2.4
977	-0.315096	9.600135	0.335133	0.047360	2.1
978	-0.180590	9.609962	0.335025	0.019852	2.4
979	-0.104800	9.619788	0.334918	0.012127	2.2
980	-0.270546	9.629614	0.334810	0.027933	2.4
981	-0.249312	9.639440	0.334703	0.035750	2.7
982	-0.275510	9.649266	0.334596	0.067207	2.2
983	-0.225200	9.659092	0.334489	0.040579	2.4
984	-0.176137	9.668918	0.334381	0.010750	2.6
985	-0.207586	9.678745	0.334274	0.028765	2.5
986	-0.233973	9.688571	0.334167	0.038194	2.4
987	-0.315077	9.698397	0.334060	0.009419	2.3
988	-0.217947	9.708223	0.333953	0.025250	2.6
989	-0.155638	9.718049	0.333847	0.018173	2.2
990	-0.273983	9.727875	0.333740	0.024516	2.3
991	-0.152453	9.737701	0.333633	0.022138	2.8
992	-0.180520	9.747527	0.333526	0.016633	2.3
993	-0.260410	9.757354	0.333420	0.026534	2.6
994	-0.194766	9.767180	0.333313	0.018596	2.3
995	-0.155876	9.777006	0.333207	0.021215	2.7
996	-0.206041	9.786832	0.333101	0.035251	2.8
997	-0.303175	9.796658	0.332994	0.029416	2.6
998	-0.102934	9.806484	0.332888	0.023914	3.3
999	-0.206799	9.816310	0.332782	0.040529	2.9
1000	-0.229077	9.826137	0.332676	0.030940	3.2
1001	-0.127074	9.835963	0.332570	0.028256	2.3
1002	-0.272958	9.845789	0.332464	0.019044	2.6
1003	-0.236857	9.855615	0.332358	0.031642	2.2
1004	-0.177373	9.865441	0.332252	0.022107	2.5
1005	-0.204913	9.875267	0.332147	0.020014	2.3
1006	-0.134153	9.885093	0.332041	0.026911	2.4
1007	-0.188207	9.894920	0.331935	0.021895	3.2
1008	-0.217411	9.904746	0.331830	0.030750	2.2
1009	-0.202291	9.914572	0.331724	0.024567	2.5
1010	-0.259015	9.924398	0.331619	0.063440	2.1
1011	-0.152551	9.934224	0.331514	0.023906	2.7
1012	-0.251969	9.944050	0.331408	0.041859	3.4
1013	-0.263657	9.953876	0.331303	0.043014	2.4
1014	-0.254598	9.963702	0.331198	0.032464	2.7
1015	-0.289880	9.973529	0.331093	0.022333	2.2
1016	-0.168044	9.983355	0.330988	0.019556	2.7
1017	-0.128407	9.993181	0.330883	0.025553	2.3
1018	-0.174958	10.003007	0.330778	0.032665	2.5
1019	-0.118148	10.012833	0.330673	0.031696	2.3
1020	-0.173811	10.022659	0.330569	0.012355	2.3
1021	-0.071962	10.032485	0.330464	0.009186	3.0
1022	-0.228484	10.042312	0.330359	0.016147	2.6
1023	-0.257958	10.052138	0.330255	0.024590	2.3
1024	-0.200920	10.061964	0.330150	0.034431	2.4
1025	-0.113794	10.071790	0.330046	0.016660	2.4
1026	-0.060146	10.081616	0.329941	0.012072	2.2
1027	-0.139228	10.091442	0.329837	0.026579	2.2
1028	-0.180099	10.101268	0.329733	0.018796	2.5
1029	-0.163191	10.111095	0.329629	0.017081	2.2
1030	-0.266168	10.120921	0.329525	0.050080	2.4
1031	-0.175817	10.130747	0.329421	0.015580	3.2
1032	-0.308017	10.140573	0.329317	0.051807	2.5
1033	-0.202134	10.150399	0.329213	0.032566	3.0
1034	-0.207827	10.160225	0.329109	0.019580	2.5
1035	-0.237642	10.170051	0.329005	0.018944	2.4
1036	-0.144184	10.179877	0.328902	0.033045	2.5
1037	-0.066739	10.189704	0.328798	0.017899	2.4
1038	-0.137532	10.199530	0.328695	0.028747	2.7
1039	-0.141385	10.209356	0.328591	0.016778	2.2
1040	-0.138752	10.219182	0.328488	0.025674	2.7
1041	-0.267759	10.229008	0.328384	0.017584	2.1
1042	-0.124700	10.238834	0.328281	0.042633	2.3
1043	-0.252268	10.248660	0.328178	0.012284	2.1
1044	-0.248201	10.258487	0.328075	0.033066	2.2
1045	-0.186285	10.268313	0.327971	0.019314	2.7
1046	-0.159309	10.278139	0.327868	0.024581	2.3
1047	-0.123416	10.287965	0.327765	0.049190	2.6
1048	-0.131232	10.297791	0.327663	0.026840	2.5
1049	-0.201558	10.307617	0.327560	0.020979	2.3
1050	-0.234809	10.317443	0.327457	0.011913	2.8
1051	-0.197081	10.327270	0.327354	0.019857	2.2
1052	-0.163104	10.337096	0.327252	0.028310	2.6
1053	-0.171269	10.346922	0.327149	0.021872	2.5
1054	-0.163381	10.356748	0.327046	0.025292	2.3
1055	-0.152360	10.366574	0.326944	0.026972	2.5
1056	-0.166012	10.376400	0.326842	0.018702	2.5
1057	-0.189460	10.386226	0.326739	0.020272	2.4
1058	-0.113857	10.396053	0.326637	0.011266	2.2
1059	-0.094109	10.405879	0.326535	0.010990	2.2
1060	-0.231609	10.415705	0.326433	0.033915	2.7
1061	-0.184252	10.425531	0.326331	0.038709	2.2
1062	-0.146977	10.435357	0.326229	0.042097	2.6
1063	-0.123732	10.445183	0.326127	0.016630	2.4
1064	-0.162809	10.455009	0.326025	0.007473	2.2
1065	-0.171563	10.464835	0.325923	0.045564	2.5
1066	-0.168401	10.474662	0.325821	0.038298	2.2
1067	-0.213153	10.484488	0.325720	0.035196	2.6
1068	-0.196300	10.494314	0.325618	0.022303	2.2
1069	-0.132760	10.504140	0.325516	0.021271	2.3
1070	-0.119557	10.513966	0.325415	0.017426	2.7
1071	-0.205531	10.523792	0.325313	0.026127	2.2
1072	-0.137571	10.533618	0.325212	0.012398	2.6
1073	-0.152085	10.543445	0.325111	0.023927	2.4
1074	-0.188607	10.553271	0.325010	0.028766	2.2
1075	-0.137265	10.563097	0.324908	0.030851	2.6
1076	-0.241344	10.572923	0.324807	0.033794	2.2
1077	-0.141037	10.582749	0.324706	0.013522	2.7
1078	-0.256268	10.592575	0.324605	0.026154	2.5
1079	-0.142859	10.602401	0.324504	0.017273	2.2
1080	-0.221380	10.612228	0.324403	0.013887	2.3
1081	-0.183235	10.622054	0.324303	0.027494	2.2
1082	-0.137001	10.631880	0.324202	0.015912	2.5
1083	-0.107542	10.641706	0.324101	0.015837	2.2
1084	-0.099350	10.651532	0.324001	0.015141	2.2
1085	-0.219726	10.661358	0.323900	0.034553	2.7
1086	-0.158133	10.671184	0.323800	0.030296	2.2
1087	-0.166553	10.681010	0.323699	0.008435	2.9
1088	-0.210099	10.690837	0.323599	0.036073	2.8
1089	-0.269564	10.700663	0.323498	0.039683	2.5
1090	-0.193477	10.710489	0.323398	0.020570	2.4
1091	-0.295700	10.720315	0.323298	0.022566	3.9
1092	-0.228693	10.730141	0.323198	0.016831	3.5
1093	-0.149795	10.739967	0.323098	0.018967	2.7
1094	-0.199708	10.749793	0.322998	0.015273	2.4
1095	-0.127424	10.759620	0.322898	0.004683	2.3
1096	-0.174141	10.769446	0.322798	0.013148	2.5
1097	-0.162921	10.779272	0.322698	0.027584	2.3
1098	-0.138213	10.789098	0.322598	0.029359	2.4
1099	-0.152748	10.798924	0.322499	0.020682	2.2
1100	-0.196972	10.808750	0.322399	0.021916	2.3
1101	-0.295448	10.818576	0.322300	0.020068	2.8
1102	-0.238377	10.828403	0.322200	0.043887	2.3
1103	-0.294729	10.838229	0.322101	0.017362	2.4
1104	-0.152509	10.848055	0.322001	0.018807	2.2
1105	-0.236873	10.857881	0.321902	0.010812	2.2
1106	-0.139365	10.867707	0.321803	0.006920	2.7
1107	-0.129016	10.877533	0.321703	0.014117	2.2
1108	-0.142149	10.887359	0.321604	0.018865	2.2
1109	-0.229573	10.897185	0.321505	0.024331	2.2
1110	-0.263077	10.907012	0.321406	0.017622	2.4
1111	-0.248758	10.916838	0.321307	0.018809	3.3
1112	-0.213814	10.926664	0.321208	0.022106	2.6
1113	-0.161628	10.936490	0.321110	0.019790	3.2
1114	-0.151194	10.946316	0.321011	0.029666	2.2
1115	-0.257994	10.956142	0.320912	0.013996	2.4
1116	-0.146158	10.965968	0.320813	0.014582	2.2
1117	-0.243928	10.975795	0.320715	0.013963	2.4
1118	-0.129933	10.985621	0.320616	0.018663	3.0
1119	-0.130039	10.995447	0.320518	0.025748	2.6
1120	-0.200825	11.005273	0.320420	0.017549	2.7
1121	-0.256926	11.015099	0.320321	0.040397	2.2
1122	-0.117392	11.024925	0.320223	0.025912	2.4
1123	-0.122416	11.034751	0.320125	0.022901	2.2
1124	-0.253328	11.044578	0.320026	0.021072	2.3
1125	-0.200020	11.054404	0.319928	0.018054	3.1
1126	-0.140664	11.064230	0.319830	0.019463	2.2
1127	-0.250935	11.074056	0.319732	0.024071	2.3
1128	-0.140682	11.083882	0.319634	0.035215	2.2
1129	-0.238208	11.093708	0.319537	0.032846	2.2
1130	-0.234104	11.103534	0.319439	0.028560	2.4
1131	-0.236826	11.113360	0.319341	0.030362	2.2
1132	-0.236836	11.123187	0.319243	0.006952	2.9
1133	-0.187848	11.133013	0.319146	0.019957	2.9
1134	-0.128509	11.142839	0.319048	0.027955	2.5
1135	-0.184793	11.152665	0.318951	0.018906	2.5
1136	-0.253003	11.162491	0.318853	0.016406	2.2
1137	-0.124993	11.172317	0.318756	0.012298	2.7
1138	-0.236176	11.182143	0.318659	0.034819	2.2
1139	-0.123550	11.191970	0.318561	0.020171	2.3
1140	-0.234596	11.201796	0.318464	0.029301	2.2
1141	-0.087886	11.211622	0.318367	0.010485	2.2
1142	-0.249438	11.221448	0.318270	0.030950	2.7
1143	-0.288630	11.231274	0.318173	0.033697	2.5
1144	-0.241736	11.241100	0.318076	0.020362	2.4
1145	-0.176887	11.250926	0.317979	0.019313	2.4
1146	-0.150291	11.260753	0.317882	0.022564	2.2
1147	-0.199831	11.270579	0.317785	0.021408	2.6
1148	-0.142268	11.280405	0.317689	0.020644	2.2
1149	-0.213225	11.290231	0.317592	0.036355	2.5
1150	-0.202956	11.300057	0.317495	0.031687	2.8
1151	-0.241844	11.309883	0.317399	0.052271	2.4
1152	-0.116870	11.319709	0.317302	0.024365	2.9
1153	-0.152668	11.329535	0.317206	0.021953	2.2
1154	-0.173692	11.339362	0.317109	0.025161	2.5
1155	-0.216717	11.349188	0.317013	0.049958	2.2
1156	-0.169303	11.359014	0.316917	0.063241	2.3
1157	-0.262845	11.368840	0.316821	0.019384	2.7
1158	-0.261994	11.378666	0.316724	0.026148	2.1
1159	-0.255472	11.388492	0.316628	0.071568	2.3
1160	-0.206391	11.398318	0.316532	0.012407	2.2
1161	-0.131740	11.408145	0.316436	0.013901	2.3
1162	-0.153788	11.417971	0.316340	0.040406	3.3
1163	-0.073917	11.427797	0.316245	0.024569	2.3
1164	-0.202450	11.437623	0.316149	0.040126	2.4
1165	-0.220434	11.447449	0.316053	0.028838	2.2
1166	-0.187693	11.457275	0.315957	0.022526	2.4
1167	-0.243856	11.467101	0.315862	0.041797	2.8
1168	-0.131531	11.476928	0.315766	0.016141	2.4
1169	-0.148096	11.486754	0.315671	0.018998	2.6
1170	-0.158344	11.496580	0.315575	0.020167	2.2
1171	-0.123747	11.506406	0.315480	0.013137	2.5
1172	-0.210469	11.516232	0.315384	0.024451	2.7
1173	-0.265324	11.526058	0.315289	0.019477	2.5
1174	-0.164028	11.535884	0.315194	0.014796	3.2
1175	-0.294337	11.545710	0.315099	0.024984	2.2
1176	-0.259613	11.555537	0.315004	0.016394	2.6
1177	-0.176012	11.565363	0.314909	0.011919	2.1
1178	-0.266228	11.575189	0.314814	0.033722	2.4
1179	-0.185712	11.585015	0.314719	0.033778	2.6
1180	-0.125958	11.594841	0.314624	0.041015	2.2
1181	-0.130447	11.604667	0.314529	0.028216	3.0
1182	-0.097350	11.614493	0.314434	0.016173	2.2
1183	-0.227867	11.624320	0.314340	0.042339	2.3
1184	-0.158989	11.634146	0.314245	0.022753	2.4
1185	-0.282310	11.643972	0.314150	0.027899	2.3
1186	-0.286150	11.653798	0.314056	0.018000	2.5
1187	-0.098453	11.663624	0.313961	0.007256	2.2
1188	-0.162791	11.673450	0.313867	0.015234	2.4
1189	-0.148558	11.683276	0.313773	0.010569	2.2
1190	-0.180194	11.693103	0.313678	0.030822	2.3
1191	-0.246283	11.702929	0.313584	0.016532	3.4
1192	-0.268830	11.712755	0.313490	0.048269	2.4
1193	-0.178221	11.722581	0.313396	0.039133	2.9
1194	-0.128782	11.732407	0.313302	0.023416	2.2
1195	-0.204033	11.742233	0.313208	0.007631	2.3
1196	-0.206592	11.752059	0.313114	0.017859	2.2
1197	-0.144098	11.761885	0.313020	0.015360	2.2
1198	-0.186407	11.771712	0.312926	0.028467	2.7
1199	-0.153924	11.781538	0.312832	0.033209	2.4
1200	-0.196456	11.791364	0.312738	0.046434	2.3
1201	-0.214128	11.801190	0.312645	0.043719	2.2
1202	-0.126890	11.811016	0.312551	0.038558	2.2
1203	-0.166423	11.820842	0.312457	0.035172	2.4
1204	-0.155587	11.830668	0.312364	0.056651	2.3
1205	-0.240998	11.840495	0.312270	0.017900	2.5
1206	-0.205357	11.850321	0.312177	0.028476	2.9
1207	-0.254964	11.860147	0.312084	0.022525	2.2
1208	-0.138167	11.869973	0.311990	0.009184	2.6
1209	-0.244216	11.879799	0.311897	0.027835	2.2
1210	-0.154412	11.889625	0.311804	0.013951	2.4
1211	-0.175582	11.899451	0.311711	0.016209	2.5
1212	-0.231649	11.909278	0.311618	0.041109	2.2
1213	-0.134243	11.919104	0.311525	0.067839	2.9
1214	-0.229113	11.928930	0.311432	0.034458	2.4
1215	-0.247251	11.938756	0.311339	0.025946	2.5
1216	-0.233438	11.948582	0.311246	0.028274	2.3
1217	-0.238961	11.958408	0.311153	0.023626	2.2
1218	-0.096967	11.968234	0.311060	0.014887	2.6
1219	-0.185505	11.978060	0.310968	0.016368	2.3
1220	-0.117128	11.987887	0.310875	0.026326	2.5
1221	-0.275326	11.997713	0.310783	0.027761	2.2
1222	-0.190751	12.007539	0.310690	0.008550	2.3
1223	-0.153603	12.017365	0.310598	0.020471	3.1
1224	-0.209107	12.027191	0.310505	0.019482	2.3
1225	-0.241258	12.037017	0.310413	0.057290	2.3
1226	-0.316877	12.046843	0.310321	0.041568	2.1
1227	-0.082851	12.056670	0.310228	0.035550	2.2
1228	-0.209291	12.066496	0.310136	0.022780	2.6
1229	-0.169075	12.076322	0.310044	0.013311	2.3
1230	-0.135407	12.086148	0.309952	0.011842	2.6
1231	-0.119924	12.095974	0.309860	0.037258	2.6
1232	-0.113872	12.105800	0.309768	0.031837	2.3
1233	-0.312187	12.115626	0.309676	0.028172	2.7
1234	-0.222004	12.125453	0.309584	0.020603	2.3
1235	-0.231949	12.135279	0.309492	0.023615	2.6
1236	-0.106699	12.145105	0.309401	0.020562	2.2
1237	-0.292172	12.154931	0.309309	0.063477	2.6
1238	-0.173988	12.164757	0.309217	0.023091	2.7
1239	-0.089983	12.174583	0.309126	0.023593	2.2
1240	-0.176859	12.184409	0.309034	0.012725	2.8
1241	-0.205013	12.194235	0.308943	0.013410	2.5
1242	-0.149434	12.204062	0.308851	0.027962	2.4
1243	-0.103113	12.213888	0.308760	0.016074	2.2
1244	-0.186715	12.223714	0.308669	0.048714	2.2
1245	-0.108229	12.233540	0.308577	0.010804	2.3
1246	-0.174314	12.243366	0.308486	0.042259	2.2
1247	-0.233482	12.253192	0.308395	0.025574	2.5
1248	-0.221740	12.263018	0.308304	0.060548	2.5
1249	-0.235314	12.272845	0.308213	0.064327	2.2
1250	-0.107216	12.282671	0.308122	0.021220	2.6
1251	-0.152523	12.292497	0.308031	0.035297	2.1
1252	-0.144621	12.302323	0.307940	0.033248	2.5
1253	-0.126564	12.312149	0.307849	0.023698	2.7
1254	-0.103163	12.321975	0.307758	0.023254	2.4
1255	-0.189849	12.331801	0.307668	0.017802	2.8
1256	-0.204130	12.341628	0.307577	0.024007	2.2
1257	-0.192359	12.351454	0.307486	0.023606	2.5
1258	-0.219297	12.361280	0.307396	0.034631	2.4
1259	-0.112171	12.371106	0.307305	0.011539	2.4
1260	-0.201897	12.380932	0.307215	0.016128	2.2
1261	-0.270528	12.390758	0.307124	0.046466	2.1
1262	-0.192055	12.400584	0.307034	0.020135	2.5
1263	-0.177870	12.410410	0.306944	0.039637	2.4
1264	-0.158535	12.420237	0.306853	0.023538	2.3
1265	-0.179459	12.430063	0.306763	0.023042	2.4
1266	-0.276710	12.439889	0.306673	0.019781	2.2
1267	-0.273928	12.449715	0.306583	0.017489	2.6
1268	-0.178653	12.459541	0.306493	0.031019	2.2
1269	-0.248006	12.469367	0.306403	0.020383	2.2
1270	-0.104915	12.479193	0.306313	0.014516	2.5
1271	-0.130720	12.489020	0.306223	0.031385	2.2
1272	-0.283186	12.498846	0.306133	0.012435	2.4
1273	-0.321726	12.508672	0.306044	0.040132	2.7
1274	-0.237549	12.518498	0.305954	0.024178	2.3
1275	-0.207645	12.528324	0.305864	0.024521	2.9
1276	-0.224898	12.538150	0.305775	0.020857	2.2
1277	-0.131135	12.547976	0.305685	0.029758	2.5
1278	-0.128939	12.557803	0.305596	0.020672	2.2
1279	-0.237641	12.567629	0.305506	0.056364	2.6
1280	-0.267726	12.577455	0.305417	0.038389	3.1
1281	-0.224158	12.587281	0.305327	0.013433	2.2
1282	-0.261183	12.597107	0.305238	0.028197	2.5
1283	-0.162814	12.606933	0.305149	0.035794	2.1
1284	-0.130304	12.616759	0.305060	0.024975	2.3
1285	-0.180589	12.626586	0.304970	0.024742	2.2
1286	-0.289783	12.636412	0.304881	0.028949	2.2
1287	-0.270478	12.646238	0.304792	0.021231	2.5
1288	-0.233698	12.656064	0.304703	0.075528	2.3
1289	-0.170980	12.665890	0.304614	0.026103	2.4
1290	-0.246021	12.675716	0.304525	0.019452	2.5
1291	-0.270766	12.685542	0.304437	0.016403	2.3
1292	-0.165400	12.695368	0.304348	0.038161	2.8
1293	-0.232829	12.705195	0.304259	0.021286	2.2
1294	-0.254146	12.715021	0.304170	0.019380	2.7
1295	-0.153071	12.724847	0.304082	0.012253	2.7
1296	-0.160272	12.734673	0.303993	0.039338	2.2
1297	-0.236050	12.744499	0.303905	0.022644	2.5
1298	-0.141521	12.754325	0.303816	0.019773	2.2
1299	-0.121073	12.764151	0.303728	0.024898	2.5
1300	-0.135461	12.773978	0.303640	0.011761	2.2
1301	-0.121629	12.783804	0.303551	0.023386	2.2
1302	-0.093602	12.793630	0.303463	0.043245	2.5
1303	-0.116676	12.803456	0.303375	0.009902	2.1
1304	-0.196192	12.813282	0.303287	0.036036	2.4
1305	-0.197391	12.823108	0.303198	0.030603	3.0
1306	-0.142913	12.832934	0.303110	0.015095	2.6
1307	-0.100163	12.842761	0.303022	0.013018	2.4
1308	-0.213181	12.852587	0.302934	0.022088	2.2
1309	-0.121898	12.862413	0.302847	0.011138	2.5
1310	-0.149023	12.872239	0.302759	0.016738	2.2
1311	-0.176896	12.882065	0.302671	0.015015	2.7
1312	-0.283084	12.891891	0.302583	0.016496	3.2
1313	-0.140145	12.901717	0.302495	0.015712	2.5
1314	-0.239090	12.911543	0.302408	0.036834	2.9
1315	-0.164637	12.921370	0.302320	0.029307	2.2
1316	-0.189814	12.931196	0.302233	0.019999	2.3
1317	-0.182952	12.941022	0.302145	0.029842	2.3
1318	-0.223789	12.950848	0.302058	0.032264	2.3
1319	-0.210216	12.960674	0.301970	0.017981	2.7
1320	-0.209902	12.970500	0.301883	0.029683	2.4
1321	-0.268192	12.980326	0.301796	0.014158	2.4
1322	-0.178593	12.990153	0.301708	0.012882	2.1
1323	-0.196687	12.999979	0.301621	0.016568	2.2
1324	-0.244374	13.009805	0.301534	0.021623	2.6
1325	-0.175673	13.019631	0.301447	0.032407	2.3
1326	-0.207063	13.029457	0.301360	0.030706	2.4
1327	-0.212454	13.039283	0.301273	0.016898	2.2
1328	-0.122141	13.049109	0.301186	0.019030	2.2
1329	-0.244962	13.058936	0.301099	0.017965	2.9
1330	-0.246176	13.068762	0.301012	0.048465	2.4
1331	-0.229168	13.078588	0.300925	0.049731	2.4
1332	-0.150550	13.088414	0.300839	0.012201	2.2
1333	-0.185495	13.098240	0.300752	0.059866	2.3
1334	-0.240475	13.108066	0.300665	0.023110	2.9
1335	-0.228141	13.117892	0.300579	0.028222	2.4
1336	-0.148693	13.127718	0.300492	0.013522	2.7
1337	-0.144873	13.137545	0.300406	0.011064	2.4
1338	-0.254585	13.147371	0.300319	0.015191	2.3
1339	-0.170140	13.157197	0.300233	0.022933	2.2
1340	-0.276689	13.167023	0.300147	0.043572	2.2
1341	-0.234339	13.176849	0.300060	0.023939	2.5
1342	-0.232521	13.186675	0.299974	0.012603	2.2
1343	-0.254557	13.196501	0.299888	0.037100	2.2
1344	-0.203561	13.206328	0.299802	0.020186	3.5
1345	-0.263763	13.216154	0.299716	0.021426	2.7
1346	-0.225523	13.225980	0.299630	0.026411	2.5
1347	-0.082666	13.235806	0.299544	0.021562	2.2
1348	-0.175141	13.245632	0.299458	0.023930	2.4
1349	-0.292996	13.255458	0.299372	0.023090	2.2
1350	-0.218890	13.265284	0.299286	0.027951	2.2
1351	-0.187949	13.275111	0.299200	0.061953	2.6
1352	-0.128869	13.284937	0.299114	0.014521	2.2
1353	-0.236368	13.294763	0.299029	0.008486	2.5
1354	-0.241878	13.304589	0.298943	0.014732	2.6
1355	-0.165419	13.314415	0.298857	0.011040	2.4
1356	-0.156854	13.324241	0.298772	0.013049	2.9
1357	-0.201664	13.334067	0.298686	0.031316	2.2
1358	-0.179420	13.343893	0.298601	0.021434	2.4
1359	-0.123456	13.353720	0.298515	0.018883	2.2
1360	-0.204218	13.363546	0.298430	0.029824	2.3
1361	-0.233731	13.373372	0.298345	0.019908	2.8
1362	-0.207054	13.383198	0.298259	0.046478	2.5
1363	-0.114904	13.393024	0.298174	0.017258	2.6
1364	-0.137911	13.402850	0.298089	0.022384	2.2
1365	-0.204631	13.412676	0.298004	0.045817	2.2
1366	-0.226272	13.422503	0.297919	0.019868	2.7
1367	-0.101895	13.432329	0.297834	0.016871	2.3
1368	-0.245833	13.442155	0.297749	0.042159	2.9
1369	-0.212679	13.451981	0.297664	0.030398	2.6
1370	-0.227999	13.461807	0.297579	0.030109	2.3
1371	-0.076330	13.471633	0.297494	0.028644	2.2
1372	-0.207739	13.481459	0.297410	0.033312	2.2
1373	-0.219518	13.491286	0.297325	0.039673	2.6
1374	-0.150257	13.501112	0.297240	0.022951	2.6
1375	-0.122015	13.510938	0.297155	0.044329	2.6
1376	-0.228004	13.520764	0.297071	0.026444	2.7
1377	-0.123470	13.530590	0.296986	0.029696	2.2
1378	-0.239545	13.540416	0.296902	0.045508	2.3
1379	-0.163118	13.550242	0.296817	0.027963	2.5
1380	-0.253580	13.560068	0.296733	0.018200	2.5
1381	-0.199656	13.569895	0.296649	0.029195	2.6
1382	-0.254011	13.579721	0.296564	0.062094	2.2
1383	-0.219475	13.589547	0.296480	0.026864	2.2
1384	-0.229062	13.599373	0.296396	0.026279	2.4
1385	-0.251250	13.609199	0.296312	0.042322	2.5
1386	-0.221681	13.619025	0.296228	0.030762	2.5
1387	-0.295511	13.628851	0.296144	0.045206	2.3
1388	-0.186450	13.638678	0.296060	0.013309	2.5
1389	-0.210002	13.648504	0.295976	0.030365	2.3
1390	-0.166603	13.658330	0.295892	0.023009	2.4
1391	-0.181581	13.668156	0.295808	0.009771	2.2
1392	-0.122161	13.677982	0.295724	0.012350	2.3
1393	-0.104480	13.687808	0.295640	0.019129	2.9
1394	-0.205716	13.697634	0.295557	0.021705	2.2
1395	-0.112611	13.707461	0.295473	0.023161	2.4
1396	-0.201818	13.717287	0.295389	0.037420	2.5
1397	-0.099238	13.727113	0.295306	0.009856	2.2
1398	-0.286328	13.736939	0.295222	0.017814	2.5
1399	-0.088212	13.746765	0.295139	0.025708	2.3
1400	-0.121405	13.756591	0.295055	0.012621	2.7
1401	-0.124930	13.766417	0.294972	0.011161	2.3
1402	-0.228123	13.776243	0.294888	0.019968	2.2
1403	-0.257691	13.786070	0.294805	0.019508	2.5
1404	-0.127906	13.795896	0.294722	0.038850	2.2
1405	-0.231945	13.805722	0.294639	0.020463	2.4
1406	-0.134133	13.815548	0.294556	0.015684	2.2
1407	-0.127846	13.825374	0.294472	0.021317	2.4
1408	-0.134394	13.835200	0.294389	0.019863	2.6
1409	-0.248985	13.845026	0.294306	0.039275	2.2
1410	-0.131054	13.854853	0.294223	0.013703	2.4
1411	-0.181435	13.864679	0.294140	0.015897	2.4
1412	-0.174399	13.874505	0.294058	0.029831	2.2
1413	-0.154370	13.884331	0.293975	0.024406	2.4
1414	-0.118968	13.894157	0.293892	0.006141	2.1
1415	-0.236991	13.903983	0.293809	0.027482	2.5
1416	-0.126743	13.913809	0.293727	0.010200	2.5
1417	-0.136244	13.923636	0.293644	0.005285	2.3
1418	-0.276400	13.933462	0.293561	0.022442	2.9
1419	-0.172853	13.943288	0.293479	0.011498	2.2
1420	-0.173970	13.953114	0.293396	0.011288	2.4
1421	-0.149485	13.962940	0.293314	0.015552	2.2
1422	-0.215430	13.972766	0.293231	0.031454	2.2
1423	-0.155888	13.982592	0.293149	0.017446	2.6
1424	-0.275017	13.992418	0.293067	0.036410	2.1
1425	-0.172558	14.002245	0.292984	0.018200	2.3
1426	-0.221332	14.012071	0.292902	0.028780	2.4
1427	-0.172766	14.021897	0.292820	0.027121	2.2
1428	-0.203608	14.031723	0.292738	0.029435	2.4
1429	-0.192542	14.041549	0.292656	0.011729	2.2
1430	-0.128908	14.051375	0.292574	0.045044	2.2
1431	-0.126710	14.061201	0.292492	0.024651	2.3
1432	-0.157327	14.071028	0.292410	0.014331	2.2
1433	-0.118872	14.080854	0.292328	0.016267	2.3
1434	-0.108399	14.090680	0.292246	0.023711	2.2
1435	-0.227018	14.100506	0.292164	0.028738	2.3
1436	-0.133976	14.110332	0.292083	0.029522	3.4
1437	-0.108466	14.120158	0.292001	0.029458	2.5
1438	-0.116274	14.129984	0.291919	0.013540	3.3
1439	-0.215132	14.139811	0.291837	0.036016	2.3
1440	-0.197706	14.149637	0.291756	0.016972	2.4
1441	-0.217260	14.159463	0.291674	0.030992	2.3
1442	-0.169578	14.169289	0.291593	0.015325	2.8
1443	-0.253060	14.179115	0.291511	0.018601	2.9
1444	-0.224860	14.188941	0.291430	0.032247	2.2
1445	-0.142127	14.198767	0.291349	0.016964	2.4
1446	-0.168468	14.208593	0.291267	0.048856	2.2
1447	-0.134317	14.218420	0.291186	0.016706	2.3
1448	-0.130782	14.228246	0.291105	0.017914	2.2
1449	-0.213136	14.238072	0.291024	0.040421	2.2
1450	-0.217257	14.247898	0.290943	0.039781	2.6
1451	-0.191658	14.257724	0.290861	0.026089	2.7
1452	-0.132983	14.267550	0.290780	0.016326	2.5
1453	-0.162722	14.277376	0.290699	0.009079	2.2
1454	-0.233028	14.287203	0.290619	0.040552	2.2
1455	-0.245025	14.297029	0.290538	0.038941	2.4
1456	-0.198165	14.306855	0.290457	0.023237	2.2
1457	-0.230702	14.316681	0.290376	0.013662	2.3
1458	-0.203724	14.326507	0.290295	0.015128	2.6
1459	-0.245526	14.336333	0.290214	0.025427	2.2
1460	-0.200355	14.346159	0.290134	0.032493	2.6
1461	-0.280518	14.355986	0.290053	0.028288	2.2
1462	-0.282450	14.365812	0.289973	0.032614	2.2
1463	-0.141593	14.375638	0.289892	0.011305	2.5
1464	-0.217187	14.385464	0.289811	0.030876	2.2
1465	-0.276571	14.395290	0.289731	0.031959	2.4
1466	-0.255595	14.405116	0.289651	0.049382	2.2
1467	-0.127991	14.414942	0.289570	0.051613	2.2
1468	-0.229162	14.424768	0.289490	0.034873	3.3
1469	-0.140769	14.434595	0.289410	0.037840	2.5
1470	-0.207142	14.444421	0.289329	0.021216	2.6
1471	-0.271563	14.454247	0.289249	0.047565	2.2
1472	-0.164208	14.464073	0.289169	0.024197	2.4
1473	-0.204059	14.473899	0.289089	0.017998	2.2
1474	-0.099604	14.483725	0.289009	0.018747	2.2
1475	-0.156514	14.493551	0.288929	0.029248	2.6
1476	-0.211771	14.503378	0.288849	0.033850	2.6
1477	-0.074179	14.513204	0.288769	0.018176	2.6
1478	-0.192681	14.523030	0.288689	0.020428	2.9
1479	-0.195071	14.532856	0.288609	0.018116	2.4
1480	-0.137205	14.542682	0.288530	0.028073	2.5
1481	-0.280074	14.552508	0.288450	0.027837	2.2
1482	-0.136135	14.562334	0.288370	0.032185	2.5
1483	-0.228847	14.572161	0.288290	0.039256	2.3
1484	-0.242059	14.581987	0.288211	0.025997	2.5
1485	-0.224900	14.591813	0.288131	0.051576	2.5
1486	-0.248686	14.601639	0.288052	0.027592	2.2
1487	-0.128717	14.611465	0.287972	0.017917	2.4
1488	-0.124342	14.621291	0.287893	0.014301	2.1
1489	-0.217048	14.631117	0.287813	0.012641	2.2
1490	-0.138136	14.640944	0.287734	0.022804	2.3
1491	-0.220546	14.650770	0.287655	0.022965	2.2
1492	-0.140634	14.660596	0.287576	0.009623	2.5
1493	-0.190868	14.670422	0.287496	0.021861	2.6
1494	-0.223646	14.680248	0.287417	0.012983	2.2
1495	-0.109882	14.690074	0.287338	0.018460	2.5
1496	-0.186595	14.699900	0.287259	0.023616	2.2
1497	-0.259749	14.709726	0.287180	0.022241	2.6
1498	-0.151064	14.719553	0.287101	0.014812	2.5
1499	-0.250479	14.729379	0.287022	0.041039	2.4
